metadata {
length 2048
directionformat single
audioformat stereo
lineformat value
elevationstride 1
azimuthstride 1
}
left {
0
-0.000000
-0.000001
-0.000004
-0.000007
-0.000012
-0.000018
-0.000026
-0.000033
-0.000044
-0.000052
-0.000066
-0.000076
-0.000091
-0.000104
-0.000122
-0.000134
-0.000153
-0.000169
-0.000188
-0.000205
-0.000225
-0.000242
-0.000260
-0.000280
-0.000296
-0.000315
-0.000331
-0.000351
-0.000360
-0.000382
-0.000390
-0.000411
-0.000416
-0.000434
-0.000433
-0.000454
-0.000454
-0.000471
-0.000462
-0.000476
-0.000467
-0.000486
-0.000478
-0.000489
-0.000477
-0.000494
-0.000488
-0.000503
-0.000490
-0.000502
-0.000495
-0.000512
-0.000505
-0.000514
-0.000505
-0.000519
-0.000514
-0.000526
-0.000519
-0.000527
-0.000522
-0.000534
-0.000531
-0.000537
-0.000533
-0.000540
-0.000539
-0.000547
-0.000544
-0.000549
-0.000548
-0.000555
-0.000553
-0.000559
-0.000558
-0.000563
-0.000561
-0.000568
-0.000567
-0.000572
-0.000570
-0.000576
-0.000575
-0.000582
-0.000581
-0.000585
-0.000584
-0.000591
-0.000590
-0.000597
-0.000594
-0.000599
-0.000597
-0.000605
-0.000603
-0.000607
-0.000603
-0.000610
-0.000608
-0.000614
-0.000609
-0.000614
-0.000613
-0.000620
-0.000618
-0.000621
-0.000618
-0.000624
-0.000626
-0.000629
-0.000628
-0.000629
-0.000633
-0.000634
-0.000639
-0.000637
-0.000639
-0.000637
-0.000646
-0.000643
-0.000649
-0.000642
-0.000651
-0.000645
-0.000657
-0.000648
-0.000657
-0.000647
-0.000661
-0.000652
-0.000666
-0.000654
-0.000667
-0.000656
-0.000672
-0.000662
-0.000674
-0.000661
-0.000676
-0.000666
-0.000680
-0.000672
-0.000680
-0.000671
-0.000683
-0.000678
-0.000685
-0.000681
-0.000684
-0.000683
-0.000688
-0.000690
-0.000687
-0.000694
-0.000690
-0.000698
-0.000694
-0.000706
-0.000691
-0.000709
-0.000696
-0.000713
-0.000696
-0.000719
-0.000695
-0.000721
-0.000699
-0.000724
-0.000699
-0.000732
-0.000699
-0.000732
-0.000706
-0.000736
-0.000706
-0.000745
-0.000709
-0.000743
-0.000721
-0.000749
-0.000718
-0.000756
-0.000724
-0.000750
-0.000736
-0.000757
-0.000728
-0.000762
-0.000743
-0.000751
-0.000752
-0.000763
-0.000742
-0.000765
-0.000767
-0.000751
-0.000769
-0.000773
-0.000761
-0.000765
-0.000795
-0.000752
-0.000784
-0.000786
-0.000781
-0.000760
-0.000825
-0.000759
-0.000794
-0.000801
-0.000805
-0.000755
-0.000853
-0.000776
-0.000794
-0.000819
-0.000834
-0.000748
-0.000873
-0.000808
-0.000786
-0.000836
-0.000872
-0.000743
-0.000877
-0.000860
-0.000773
-0.000845
-0.000920
-0.000745
-0.000860
-0.000933
-0.000764
-0.000834
-0.000979
-0.000765
-0.000813
-0.001021
-0.000774
-0.000793
-0.001046
-0.000817
-0.000729
-0.001110
-0.000825
-0.000713
-0.001106
-0.000920
-0.000609
-0.001175
-0.000946
-0.000592
-0.001130
-0.001097
-0.000465
-0.001173
-0.001165
-0.000450
-0.001074
-0.001369
-0.000336
-0.001046
-0.001497
-0.000336
-0.000877
-0.001735
-0.000289
-0.000727
-0.001927
-0.000339
-0.000470
-0.002160
-0.000431
-0.000155
-0.002387
-0.000593
0.000201
-0.002545
-0.000915
0.000694
-0.002728
-0.001271
0.001135
-0.002699
-0.001911
0.001758
-0.002690
-0.002556
0.002216
-0.002316
-0.003568
0.002830
-0.001900
-0.004567
0.003147
-0.000987
-0.005929
0.003476
0.000103
-0.007257
0.003370
0.001752
-0.008791
0.002979
0.003771
-0.010247
0.002021
0.006279
-0.011535
0.000325
0.009358
-0.012636
-0.002032
0.012641
-0.012924
-0.005698
0.016610
-0.012811
-0.010017
0.020177
-0.010956
-0.016221
0.024323
-0.008362
-0.022851
0.027035
-0.002867
-0.031746
0.029837
0.003787
-0.040434
0.029663
0.014558
-0.051269
0.028572
0.026823
-0.060608
0.022453
0.044130
-0.071076
0.013820
0.062937
-0.078009
-0.001817
0.086051
-0.082356
-0.024645
0.115490
-0.093090
-0.022325
0.051267
0.151092
0.274709
0.002965
0.065727
0.053860
-0.007707
0.121817
-0.002932
-0.087259
0.000588
0.086545
0.080037
0.017151
-0.037408
-0.043919
0.028610
0.058442
-0.018279
-0.069221
-0.055063
0.002062
0.041504
0.004061
-0.036745
-0.023945
0.014538
0.032702
0.010173
-0.019872
-0.021178
-0.004541
0.005170
0.008453
0.005387
0.002666
0.002471
-0.000268
-0.003883
-0.002553
0.000259
-0.005265
-0.010407
-0.001886
0.013501
0.016979
0.000709
-0.016712
-0.009670
0.012568
0.019895
0.004959
-0.010230
-0.006804
0.008861
0.015961
0.005617
-0.007832
-0.005521
0.006923
0.012622
0.005185
-0.004824
-0.006052
0.000972
0.005609
0.003990
0.000188
-0.000965
-0.000370
0.000366
0.000478
0.000568
0.000314
-0.000964
-0.001249
0.001511
0.004526
0.003342
-0.001568
-0.004587
-0.001692
0.003512
0.004735
0.000365
-0.003826
-0.002795
0.001468
0.002726
-0.000338
-0.003634
-0.002679
0.000447
0.001339
-0.001458
-0.004264
-0.004396
-0.002305
-0.001030
-0.001529
-0.002869
-0.003485
-0.003429
-0.003034
-0.002860
-0.002756
-0.003050
-0.003586
-0.003784
-0.003240
-0.002601
-0.002918
-0.004173
-0.004863
-0.004023
-0.002690
-0.002621
-0.004072
-0.005267
-0.004943
-0.003721
-0.003394
-0.004307
-0.005267
-0.005062
-0.004156
-0.003748
-0.004351
-0.005117
-0.005187
-0.004628
-0.004179
-0.004221
-0.004582
-0.004830
-0.004734
-0.004464
-0.004147
-0.004081
-0.004208
-0.004479
-0.004443
-0.004155
-0.003838
-0.004024
-0.004392
-0.004626
-0.004258
-0.003852
-0.003777
-0.004318
-0.004642
-0.004536
-0.003992
-0.003851
-0.004119
-0.004583
-0.004490
-0.004164
-0.003853
-0.004046
-0.004270
-0.004349
-0.004037
-0.003815
-0.003744
-0.003967
-0.004041
-0.003972
-0.003697
-0.003543
-0.003509
-0.003657
-0.003676
-0.003583
-0.003366
-0.003295
-0.003360
-0.003514
-0.003492
-0.003306
-0.003084
-0.003079
-0.003183
-0.003198
-0.002975
-0.002713
-0.002599
-0.002703
-0.002740
-0.002603
-0.002345
-0.002213
-0.002227
-0.002291
-0.002207
-0.002043
-0.001885
-0.001890
-0.001908
-0.001911
-0.001808
-0.001718
-0.001647
-0.001691
-0.001700
-0.001701
-0.001608
-0.001561
-0.001547
-0.001631
-0.001640
-0.001625
-0.001516
-0.001477
-0.001461
-0.001485
-0.001440
-0.001381
-0.001290
-0.001297
-0.001305
-0.001303
-0.001224
-0.001140
-0.001087
-0.001100
-0.001107
-0.001071
-0.001000
-0.000949
-0.000954
-0.000974
-0.000982
-0.000948
-0.000928
-0.000906
-0.000924
-0.000909
-0.000895
-0.000824
-0.000809
-0.000797
-0.000851
-0.000857
-0.000866
-0.000812
-0.000831
-0.000823
-0.000853
-0.000812
-0.000812
-0.000774
-0.000823
-0.000840
-0.000878
-0.000840
-0.000865
-0.000859
-0.000917
-0.000921
-0.000949
-0.000917
-0.000957
-0.000964
-0.001019
-0.001021
-0.001052
-0.001033
-0.001083
-0.001098
-0.001139
-0.001109
-0.001111
-0.001094
-0.001143
-0.001139
-0.001159
-0.001130
-0.001157
-0.001152
-0.001183
-0.001159
-0.001156
-0.001117
-0.001140
-0.001123
-0.001146
-0.001131
-0.001154
-0.001136
-0.001178
-0.001173
-0.001202
-0.001172
-0.001187
-0.001170
-0.001211
-0.001197
-0.001217
-0.001184
-0.001218
-0.001204
-0.001226
-0.001188
-0.001200
-0.001172
-0.001202
-0.001167
-0.001180
-0.001142
-0.001165
-0.001137
-0.001167
-0.001135
-0.001159
-0.001129
-0.001150
-0.001112
-0.001132
-0.001097
-0.001121
-0.001090
-0.001121
-0.001093
-0.001123
-0.001089
-0.001104
-0.001064
-0.001085
-0.001039
-0.001055
-0.001015
-0.001034
-0.000988
-0.001000
-0.000945
-0.000958
-0.000910
-0.000909
-0.000850
-0.000864
-0.000819
-0.000836
-0.000780
-0.000779
-0.000731
-0.000757
-0.000705
-0.000701
-0.000650
-0.000662
-0.000620
-0.000635
-0.000574
-0.000572
-0.000540
-0.000564
-0.000518
-0.000524
-0.000477
-0.000482
-0.000447
-0.000445
-0.000383
-0.000378
-0.000343
-0.000343
-0.000305
-0.000297
-0.000249
-0.000240
-0.000206
-0.000190
-0.000147
-0.000134
-0.000105
-0.000102
-0.000083
-0.000070
-0.000043
-0.000029
-0.000012
0.000006
0.000024
0.000044
0.000064
0.000083
0.000085
0.000109
0.000124
0.000150
0.000153
0.000173
0.000175
0.000213
0.000223
0.000257
0.000260
0.000294
0.000295
0.000332
0.000324
0.000353
0.000343
0.000376
0.000373
0.000413
0.000405
0.000439
0.000423
0.000455
0.000441
0.000476
0.000455
0.000486
0.000476
0.000516
0.000502
0.000539
0.000519
0.000553
0.000540
0.000572
0.000552
0.000587
0.000569
0.000601
0.000582
0.000612
0.000595
0.000627
0.000609
0.000639
0.000619
0.000648
0.000628
0.000647
0.000621
0.000647
0.000628
0.000656
0.000638
0.000662
0.000640
0.000666
0.000644
0.000660
0.000637
0.000659
0.000640
0.000664
0.000648
0.000670
0.000647
0.000669
0.000645
0.000661
0.000642
0.000657
0.000631
0.000654
0.000638
0.000655
0.000631
0.000652
0.000633
0.000655
0.000636
0.000651
0.000626
0.000649
0.000630
0.000644
0.000618
0.000641
0.000619
0.000643
0.000626
0.000640
0.000619
0.000649
0.000621
0.000635
0.000617
0.000644
0.000627
0.000652
0.000631
0.000655
0.000632
0.000651
0.000624
0.000641
0.000618
0.000645
0.000618
0.000639
0.000621
0.000643
0.000623
0.000647
0.000623
0.000645
0.000631
0.000657
0.000631
0.000655
0.000639
0.000662
0.000646
0.000673
0.000655
0.000677
0.000664
0.000687
0.000668
0.000691
0.000675
0.000697
0.000690
0.000715
0.000702
0.000724
0.000714
0.000731
0.000718
0.000734
0.000724
0.000742
0.000738
0.000754
0.000750
0.000771
0.000763
0.000772
0.000766
0.000778
0.000772
0.000784
0.000785
0.000787
0.000789
0.000802
0.000802
0.000807
0.000806
0.000810
0.000819
0.000822
0.000826
0.000821
0.000826
0.000830
0.000842
0.000836
0.000846
0.000842
0.000853
0.000844
0.000857
0.000843
0.000854
0.000846
0.000864
0.000855
0.000876
0.000862
0.000882
0.000865
0.000887
0.000870
0.000889
0.000868
0.000890
0.000868
0.000895
0.000871
0.000891
0.000865
0.000889
0.000858
0.000887
0.000858
0.000874
0.000846
0.000880
0.000841
0.000871
0.000840
0.000858
0.000829
0.000864
0.000817
0.000843
0.000809
0.000830
0.000795
0.000829
0.000786
0.000813
0.000785
0.000813
0.000772
0.000801
0.000759
0.000781
0.000750
0.000774
0.000729
0.000760
0.000730
0.000750
0.000716
0.000738
0.000696
0.000720
0.000689
0.000705
0.000672
0.000696
0.000667
0.000684
0.000656
0.000669
0.000630
0.000648
0.000624
0.000630
0.000601
0.000617
0.000586
0.000598
0.000577
0.000575
0.000554
0.000564
0.000537
0.000546
0.000521
0.000520
0.000503
0.000506
0.000485
0.000492
0.000473
0.000477
0.000465
0.000464
0.000438
0.000439
0.000424
0.000421
0.000402
0.000398
0.000379
0.000380
0.000366
0.000360
0.000339
0.000341
0.000329
0.000334
0.000322
0.000321
0.000305
0.000314
0.000301
0.000302
0.000286
0.000287
0.000270
0.000271
0.000249
0.000249
0.000227
0.000229
0.000210
0.000215
0.000199
0.000205
0.000186
0.000189
0.000169
0.000178
0.000155
0.000161
0.000139
0.000142
0.000128
0.000137
0.000116
0.000123
0.000100
0.000108
0.000091
0.000097
0.000075
0.000081
0.000065
0.000072
0.000060
0.000066
0.000046
0.000051
0.000039
0.000044
0.000029
0.000033
0.000018
0.000018
0.000013
0.000015
0.000005
0.000004
-0.000002
-0.000002
-0.000001
-0.000006
-0.000010
-0.000019
-0.000019
-0.000023
-0.000020
-0.000034
-0.000030
-0.000042
-0.000034
-0.000049
-0.000041
-0.000065
-0.000054
-0.000066
-0.000050
-0.000073
-0.000055
-0.000082
-0.000061
-0.000084
-0.000067
-0.000098
-0.000074
-0.000102
-0.000078
-0.000107
-0.000080
-0.000115
-0.000086
-0.000116
-0.000085
-0.000120
-0.000088
-0.000125
-0.000095
-0.000130
-0.000092
-0.000133
-0.000102
-0.000133
-0.000102
-0.000139
-0.000100
-0.000142
-0.000114
-0.000147
-0.000112
-0.000151
-0.000120
-0.000152
-0.000120
-0.000153
-0.000118
-0.000156
-0.000128
-0.000152
-0.000123
-0.000157
-0.000127
-0.000156
-0.000131
-0.000154
-0.000128
-0.000159
-0.000139
-0.000162
-0.000137
-0.000163
-0.000148
-0.000169
-0.000153
-0.000171
-0.000151
-0.000174
-0.000165
-0.000178
-0.000161
-0.000175
-0.000163
-0.000179
-0.000172
-0.000178
-0.000168
-0.000179
-0.000170
-0.000177
-0.000167
-0.000170
-0.000167
-0.000177
-0.000174
-0.000177
-0.000172
-0.000178
-0.000178
-0.000183
-0.000180
-0.000183
-0.000186
-0.000190
-0.000190
-0.000193
-0.000191
-0.000195
-0.000198
-0.000201
-0.000199
-0.000203
-0.000203
-0.000202
-0.000201
-0.000205
-0.000205
-0.000210
-0.000208
-0.000209
-0.000211
-0.000215
-0.000212
-0.000214
-0.000211
-0.000217
-0.000220
-0.000226
-0.000220
-0.000224
-0.000223
-0.000230
-0.000228
-0.000230
-0.000220
-0.000226
-0.000230
-0.000236
-0.000228
-0.000231
-0.000226
-0.000234
-0.000236
-0.000237
-0.000225
-0.000229
-0.000229
-0.000235
-0.000230
-0.000229
-0.000224
-0.000234
-0.000235
-0.000235
-0.000231
-0.000231
-0.000230
-0.000238
-0.000237
-0.000231
-0.000233
-0.000237
-0.000237
-0.000236
-0.000238
-0.000232
-0.000236
-0.000237
-0.000236
-0.000226
-0.000235
-0.000234
-0.000237
-0.000228
-0.000234
-0.000226
-0.000237
-0.000227
-0.000231
-0.000216
-0.000229
-0.000222
-0.000232
-0.000216
-0.000229
-0.000213
-0.000232
-0.000216
-0.000225
-0.000204
-0.000221
-0.000203
-0.000219
-0.000199
-0.000215
-0.000193
-0.000215
-0.000194
-0.000214
-0.000189
-0.000210
-0.000187
-0.000209
-0.000182
-0.000206
-0.000177
-0.000200
-0.000172
-0.000200
-0.000173
-0.000199
-0.000168
-0.000193
-0.000165
-0.000195
-0.000166
-0.000192
-0.000160
-0.000192
-0.000163
-0.000193
-0.000159
-0.000182
-0.000151
-0.000184
-0.000153
-0.000179
-0.000144
-0.000172
-0.000145
-0.000175
-0.000139
-0.000162
-0.000133
-0.000163
-0.000137
-0.000160
-0.000126
-0.000151
-0.000130
-0.000158
-0.000130
-0.000151
-0.000125
-0.000148
-0.000130
-0.000148
-0.000120
-0.000137
-0.000121
-0.000140
-0.000121
-0.000135
-0.000119
-0.000132
-0.000121
-0.000133
-0.000119
-0.000126
-0.000118
-0.000125
-0.000118
-0.000123
-0.000118
-0.000120
-0.000117
-0.000118
-0.000119
-0.000118
-0.000116
-0.000113
-0.000117
-0.000111
-0.000116
-0.000113
-0.000114
-0.000106
-0.000119
-0.000108
-0.000113
-0.000104
-0.000110
-0.000096
-0.000113
-0.000101
-0.000107
-0.000098
-0.000110
-0.000094
-0.000111
-0.000099
-0.000105
-0.000093
-0.000112
-0.000094
-0.000109
-0.000100
-0.000102
-0.000094
-0.000118
-0.000096
-0.000104
-0.000102
-0.000104
-0.000096
-0.000119
-0.000098
-0.000096
-0.000112
-0.000110
-0.000093
-0.000042
-0.000007
-0.000008
0.000012
0.000005
0.000031
0.000045
0.000033
0.000022
0.000033
0.000052
0.000067
0.000067
0.000052
0.000053
0.000066
0.000072
0.000059
0.000049
0.000039
0.000051
0.000054
0.000054
0.000044
0.000049
0.000056
0.000064
0.000057
0.000057
0.000055
0.000057
0.000057
0.000059
0.000060
0.000065
0.000068
0.000067
0.000069
0.000066
0.000073
0.000070
0.000071
0.000067
0.000078
0.000075
0.000085
0.000072
0.000079
0.000073
0.000093
0.000081
0.000091
0.000077
0.000096
0.000084
0.000107
0.000087
0.000102
0.000088
0.000118
0.000097
0.000120
0.000095
0.000120
0.000102
0.000134
0.000104
0.000128
0.000105
0.000138
0.000114
0.000144
0.000109
0.000141
0.000118
0.000154
0.000122
0.000151
0.000118
0.000154
0.000131
0.000161
0.000125
0.000159
0.000134
0.000169
0.000139
0.000164
0.000134
0.000168
0.000147
0.000172
0.000142
0.000167
0.000144
0.000174
0.000151
0.000168
0.000144
0.000169
0.000154
0.000170
0.000151
0.000164
0.000152
0.000173
0.000160
0.000168
0.000158
0.000167
0.000160
0.000169
0.000162
0.000165
0.000165
0.000170
0.000168
0.000167
0.000166
0.000163
0.000168
0.000165
0.000168
0.000162
0.000169
0.000161
0.000168
0.000158
0.000168
0.000157
0.000169
0.000156
0.000167
0.000154
0.000168
0.000151
0.000162
0.000148
0.000164
0.000147
0.000161
0.000141
0.000155
0.000140
0.000159
0.000140
0.000151
0.000135
0.000154
0.000139
0.000153
0.000134
0.000147
0.000136
0.000153
0.000135
0.000143
0.000127
0.000144
0.000131
0.000139
0.000123
0.000132
0.000123
0.000137
0.000122
0.000127
0.000116
0.000129
0.000120
0.000126
0.000113
0.000117
0.000115
0.000122
0.000112
0.000115
0.000107
0.000114
0.000109
0.000108
0.000100
0.000104
0.000102
0.000103
0.000097
0.000097
0.000094
0.000097
0.000092
0.000092
0.000089
0.000090
0.000090
0.000091
0.000085
0.000086
0.000087
0.000087
0.000085
0.000085
0.000081
0.000085
0.000081
0.000080
0.000075
0.000081
0.000079
0.000082
0.000078
0.000079
0.000074
0.000080
0.000072
0.000074
0.000069
0.000078
0.000068
0.000077
0.000067
0.000070
0.000063
0.000074
0.000059
0.000069
0.000059
0.000070
0.000060
0.000070
0.000052
0.000066
0.000054
0.000067
0.000051
0.000065
0.000045
0.000063
0.000046
0.000062
0.000041
0.000059
0.000041
0.000061
0.000042
0.000060
0.000037
0.000059
0.000041
0.000060
0.000037
0.000058
0.000036
0.000059
0.000038
0.000058
0.000033
0.000056
0.000037
0.000059
0.000036
0.000057
0.000036
0.000058
0.000038
0.000057
0.000035
0.000057
0.000037
0.000056
0.000037
0.000052
0.000034
0.000051
0.000033
0.000049
0.000035
0.000049
0.000035
0.000047
0.000035
0.000047
0.000036
0.000045
0.000036
0.000043
0.000038
0.000043
0.000036
0.000038
0.000037
0.000039
0.000038
0.000035
0.000036
0.000034
0.000039
0.000032
0.000036
0.000030
0.000039
0.000031
0.000043
0.000029
0.000039
0.000030
0.000044
0.000029
0.000044
0.000026
0.000042
0.000029
0.000045
0.000022
0.000040
0.000021
0.000041
0.000021
0.000041
0.000017
0.000039
0.000020
0.000042
0.000016
0.000040
0.000015
0.000037
0.000018
0.000039
0.000012
0.000037
0.000014
0.000034
0.000015
0.000034
0.000009
0.000032
0.000011
0.000030
0.000013
0.000029
0.000011
0.000029
0.000013
0.000029
0.000011
0.000025
0.000011
0.000024
0.000014
0.000022
0.000011
0.000020
0.000012
0.000020
0.000013
0.000016
0.000010
0.000015
0.000014
0.000015
0.000012
0.000011
0.000012
0.000013
0.000015
0.000011
0.000011
0.000008
0.000014
0.000010
0.000012
0.000004
0.000009
0.000006
0.000015
0.000006
0.000011
0.000004
0.000012
0.000007
0.000013
0.000003
0.000008
0.000004
0.000011
0.000004
0.000009
0.000001
0.000006
0.000005
0.000007
0.000003
0.000005
0.000002
0.000006
0.000007
0.000005
0.000005
0.000004
0.000007
0.000003
0.000009
0.000002
0.000006
0.000001
0.000009
-0.000001
0.000010
-0.000002
0.000009
-0.000001
0.000012
-0.000004
0.000011
-0.000005
0.000010
-0.000006
0.000012
-0.000007
0.000011
-0.000006
0.000013
-0.000009
0.000013
-0.000008
0.000013
-0.000008
0.000014
-0.000010
0.000011
-0.000008
0.000012
-0.000012
0.000010
-0.000010
0.000011
-0.000008
0.000010
-0.000010
0.000009
-0.000008
0.000010
-0.000009
0.000007
-0.000006
0.000009
-0.000004
0.000006
-0.000005
0.000004
-0.000003
0.000005
-0.000005
0.000000
-0.000001
0.000001
-0.000002
-0.000003
-0.000004
-0.000006
-0.000001
-0.000008
-0.000005
-0.000011
-0.000002
-0.000012
-0.000000
-0.000014
-0.000002
-0.000014
0.000001
-0.000017
-0.000001
-0.000020
-0.000002
-0.000021
-0.000002
-0.000024
-0.000002
-0.000024
-0.000004
-0.000028
-0.000004
-0.000030
-0.000006
-0.000031
-0.000008
-0.000031
-0.000008
-0.000034
-0.000011
-0.000036
-0.000013
-0.000036
-0.000014
-0.000040
-0.000019
-0.000042
-0.000020
-0.000042
-0.000024
-0.000047
-0.000025
-0.000044
-0.000028
-0.000048
-0.000033
-0.000050
-0.000034
-0.000050
-0.000038
-0.000055
-0.000043
-0.000054
-0.000046
-0.000058
-0.000050
-0.000061
-0.000053
-0.000061
-0.000058
-0.000067
-0.000061
-0.000070
-0.000067
-0.000071
-0.000069
-0.000074
-0.000074
-0.000079
-0.000080
-0.000079
-0.000081
-0.000085
-0.000087
-0.000089
-0.000089
-0.000087
-0.000093
-0.000096
-0.000100
-0.000094
-0.000096
-0.000097
-0.000105
-0.000105
-0.000106
-0.000100
-0.000108
-0.000111
-0.000118
-0.000112
-0.000113
-0.000112
-0.000123
-0.000124
-0.000126
-0.000120
-0.000126
-0.000127
-0.000136
-0.000132
-0.000134
-0.000133
-0.000140
-0.000142
-0.000145
-0.000143
-0.000147
-0.000148
-0.000153
-0.000154
-0.000156
-0.000156
-0.000159
-0.000159
-0.000161
-0.000165
-0.000167
-0.000169
-0.000168
-0.000170
-0.000172
-0.000180
-0.000176
-0.000180
-0.000177
-0.000186
-0.000186
-0.000191
-0.000184
-0.000191
-0.000188
-0.000201
-0.000195
-0.000201
-0.000193
-0.000206
-0.000201
-0.000214
-0.000202
-0.000212
-0.000204
-0.000221
-0.000210
-0.000223
-0.000211
-0.000226
-0.000217
-0.000234
-0.000221
-0.000236
-0.000224
-0.000239
-0.000228
-0.000245
-0.000233
-0.000248
-0.000236
-0.000250
-0.000241
-0.000258
-0.000248
-0.000258
-0.000249
-0.000264
-0.000258
-0.000270
-0.000261
-0.000266
-0.000265
-0.000276
-0.000274
-0.000275
-0.000269
-0.000270
-0.000273
-0.000271
-0.000266
-0.000257
-0.000257
-0.000250
-0.000251
-0.000236
-0.000232
-0.000217
-0.000218
-0.000200
-0.000199
-0.000177
-0.000176
-0.000157
-0.000155
-0.000134
-0.000130
-0.000111
-0.000107
-0.000089
-0.000084
-0.000068
-0.000063
-0.000049
-0.000043
-0.000032
-0.000027
-0.000019
-0.000014
-0.000009
-0.000005
-0.000002
-0.000001
-0.000000
}
right {
         0
0.000000
-0.000002
-0.000004
0.000001
-0.000013
-0.000023
0.000009
-0.000023
-0.000071
-0.000001
-0.000021
-0.000116
-0.000009
-0.000009
-0.000205
-0.000073
0.000049
-0.000216
-0.000155
0.000043
-0.000277
-0.000263
0.000130
-0.000204
-0.000432
0.000027
-0.000158
-0.000478
0.000059
-0.000052
-0.000658
-0.000154
0.000099
-0.000537
-0.000233
0.000097
-0.000628
-0.000433
0.000269
-0.000363
-0.000588
0.000077
-0.000327
-0.000617
0.000188
-0.000088
-0.000798
-0.000128
0.000042
-0.000611
-0.000115
0.000111
-0.000761
-0.000416
0.000293
-0.000410
-0.000511
0.000117
-0.000480
-0.000637
0.000298
-0.000112
-0.000817
-0.000088
-0.000075
-0.000666
0.000033
0.000124
-0.000884
-0.000411
0.000268
-0.000468
-0.000393
0.000159
-0.000662
-0.000681
0.000382
-0.000138
-0.000792
-0.000050
-0.000247
-0.000749
0.000192
0.000146
-0.000980
-0.000418
0.000179
-0.000553
-0.000230
0.000219
-0.000858
-0.000756
0.000415
-0.000177
-0.000703
0.000004
-0.000472
-0.000873
0.000344
0.000187
-0.001019
-0.000420
0.000011
-0.000674
-0.000021
0.000321
-0.001035
-0.000851
0.000375
-0.000231
-0.000533
0.000108
-0.000739
-0.001048
0.000454
0.000239
-0.000978
-0.000395
-0.000251
-0.000865
0.000199
0.000472
-0.001165
-0.000957
0.000222
-0.000342
-0.000290
0.000290
-0.001014
-0.001282
0.000473
0.000284
-0.000821
-0.000293
-0.000591
-0.001155
0.000394
0.000680
-0.001185
-0.001038
-0.000070
-0.000559
0.000012
0.000581
-0.001241
-0.001574
0.000347
0.000268
-0.000529
-0.000066
-0.000977
-0.001577
0.000497
0.000919
-0.001036
-0.001036
-0.000499
-0.000946
0.000324
0.001001
-0.001336
-0.001884
0.000022
0.000111
-0.000110
0.000349
-0.001335
-0.002144
0.000414
0.001122
-0.000670
-0.000856
-0.001038
-0.001568
0.000551
0.001542
-0.001195
-0.002119
-0.000536
-0.000289
0.000380
0.001024
-0.001542
-0.002812
0.000040
0.001184
-0.000071
-0.000370
-0.001603
-0.002472
0.000541
0.002142
-0.000722
-0.002132
-0.001325
-0.001062
0.000813
0.001989
-0.001436
-0.003472
-0.000720
0.000935
0.000715
0.000561
-0.002023
-0.003648
0.000116
0.002653
0.000159
-0.001719
-0.002250
-0.002336
0.000975
0.003192
-0.000827
-0.003929
-0.001907
0.000133
0.001536
0.002035
-0.002041
-0.004999
-0.000912
0.002809
0.001446
-0.000630
-0.003082
-0.004186
0.000578
0.004455
0.000474
-0.003863
-0.003439
-0.001484
0.002104
0.004066
-0.001317
-0.006269
-0.002685
0.002227
0.002986
0.001384
-0.003443
-0.006553
-0.000734
0.005423
0.002556
-0.002841
-0.005058
-0.004137
0.001958
0.006500
0.000508
-0.006991
-0.005216
0.000437
0.004390
0.004494
-0.002797
-0.009145
-0.003313
0.005525
0.005305
-0.000354
-0.006249
-0.007888
0.000473
0.008905
0.003718
-0.006461
-0.008253
-0.003047
0.004977
0.008649
-0.000487
-0.011336
-0.007360
0.003969
0.008271
0.004053
-0.006181
-0.012497
-0.003037
0.010465
0.008363
-0.003792
-0.011130
-0.008582
0.003755
0.013382
0.004155
-0.012096
-0.012725
-0.000197
0.010537
0.010573
-0.003715
-0.017230
-0.009145
0.009917
0.014043
0.001957
-0.012628
-0.016151
-0.000502
0.017614
0.011567
-0.009975
-0.018644
-0.007877
0.010611
0.018853
0.002464
-0.020668
-0.018013
0.005597
0.019624
0.011508
-0.010914
-0.025040
-0.009044
0.019470
0.021614
-0.003240
-0.023447
-0.019608
0.006466
0.027579
0.013593
-0.020646
-0.028884
-0.004444
0.023109
0.024768
-0.003458
-0.033670
-0.022467
0.015915
0.033488
0.009336
-0.023822
-0.035605
-0.003612
0.033366
0.031512
-0.017012
-0.035852
-0.026877
0.025178
0.049873
-0.055604
0.191349
0.250988
0.006917
0.102397
0.045644
-0.008394
0.072985
0.039502
0.002125
-0.022370
-0.005437
0.041569
0.030545
-0.011118
-0.000555
0.010696
-0.006064
-0.008837
-0.022689
-0.051481
-0.031747
0.010298
-0.003122
-0.031579
-0.009905
0.007142
0.001081
0.013018
0.004841
-0.032094
-0.021391
0.012546
0.004031
-0.003932
0.008517
-0.005312
-0.014908
0.002828
0.000273
-0.008069
0.008665
0.006012
-0.014971
-0.006145
0.005733
-0.004056
-0.002941
0.002469
-0.005521
-0.000974
0.007110
-0.004737
-0.011117
-0.002977
-0.002851
-0.002739
0.000256
-0.007107
-0.010014
-0.001188
-0.002038
-0.006841
-0.003386
-0.003738
-0.005280
0.000406
-0.001672
-0.008060
-0.003458
-0.000785
-0.004659
-0.000470
0.002263
-0.003861
-0.003127
0.000074
-0.004211
-0.002791
0.002998
-0.000930
-0.004150
-0.000907
-0.002082
-0.003530
-0.000130
-0.001640
-0.004118
-0.000513
0.000199
-0.003344
-0.002844
-0.002691
-0.004352
-0.001862
-0.000066
-0.003003
-0.003360
-0.001978
-0.003317
-0.003204
-0.001799
-0.003039
-0.003209
-0.001693
-0.002721
-0.003515
-0.002357
-0.002846
-0.003477
-0.002094
-0.002167
-0.003034
-0.002530
-0.003079
-0.004387
-0.003414
-0.002695
-0.003443
-0.003282
-0.003106
-0.004008
-0.003536
-0.002845
-0.003731
-0.004010
-0.003269
-0.003458
-0.003461
-0.003033
-0.003600
-0.003838
-0.002907
-0.002697
-0.002976
-0.002663
-0.002864
-0.003276
-0.002822
-0.002559
-0.002878
-0.002598
-0.002391
-0.002625
-0.002400
-0.002109
-0.002458
-0.002452
-0.002225
-0.002343
-0.002265
-0.002014
-0.002342
-0.002501
-0.002192
-0.002063
-0.002000
-0.001765
-0.001908
-0.002072
-0.001814
-0.001681
-0.001770
-0.001642
-0.001561
-0.001591
-0.001360
-0.001240
-0.001432
-0.001466
-0.001324
-0.001319
-0.001208
-0.001124
-0.001279
-0.001368
-0.001216
-0.001183
-0.001150
-0.001052
-0.001070
-0.001143
-0.001038
-0.000995
-0.001018
-0.000947
-0.000866
-0.000838
-0.000698
-0.000593
-0.000624
-0.000621
-0.000557
-0.000502
-0.000393
-0.000324
-0.000393
-0.000417
-0.000366
-0.000343
-0.000324
-0.000289
-0.000338
-0.000343
-0.000285
-0.000276
-0.000326
-0.000329
-0.000339
-0.000320
-0.000276
-0.000256
-0.000289
-0.000304
-0.000315
-0.000286
-0.000230
-0.000203
-0.000222
-0.000208
-0.000182
-0.000168
-0.000136
-0.000107
-0.000124
-0.000128
-0.000086
-0.000068
-0.000070
-0.000069
-0.000074
-0.000076
-0.000040
-0.000034
-0.000054
-0.000062
-0.000059
-0.000070
-0.000059
-0.000064
-0.000092
-0.000102
-0.000076
-0.000070
-0.000075
-0.000091
-0.000111
-0.000113
-0.000087
-0.000076
-0.000078
-0.000089
-0.000114
-0.000125
-0.000118
-0.000124
-0.000144
-0.000157
-0.000179
-0.000204
-0.000225
-0.000250
-0.000288
-0.000309
-0.000322
-0.000340
-0.000368
-0.000395
-0.000426
-0.000448
-0.000466
-0.000474
-0.000479
-0.000495
-0.000520
-0.000531
-0.000544
-0.000565
-0.000582
-0.000589
-0.000599
-0.000609
-0.000626
-0.000651
-0.000667
-0.000674
-0.000683
-0.000693
-0.000707
-0.000738
-0.000768
-0.000784
-0.000796
-0.000816
-0.000833
-0.000846
-0.000866
-0.000891
-0.000901
-0.000906
-0.000915
-0.000927
-0.000929
-0.000930
-0.000931
-0.000929
-0.000919
-0.000907
-0.000902
-0.000898
-0.000889
-0.000879
-0.000872
-0.000862
-0.000852
-0.000845
-0.000841
-0.000834
-0.000825
-0.000819
-0.000816
-0.000805
-0.000796
-0.000796
-0.000795
-0.000788
-0.000780
-0.000769
-0.000757
-0.000746
-0.000732
-0.000714
-0.000703
-0.000694
-0.000676
-0.000660
-0.000647
-0.000631
-0.000617
-0.000611
-0.000604
-0.000592
-0.000578
-0.000565
-0.000549
-0.000541
-0.000537
-0.000531
-0.000523
-0.000512
-0.000496
-0.000490
-0.000487
-0.000475
-0.000461
-0.000455
-0.000439
-0.000421
-0.000409
-0.000391
-0.000366
-0.000352
-0.000339
-0.000315
-0.000295
-0.000279
-0.000256
-0.000235
-0.000223
-0.000204
-0.000176
-0.000158
-0.000145
-0.000121
-0.000097
-0.000079
-0.000059
-0.000041
-0.000025
-0.000001
0.000015
0.000028
0.000053
0.000073
0.000082
0.000104
0.000129
0.000145
0.000164
0.000186
0.000197
0.000212
0.000238
0.000260
0.000272
0.000286
0.000299
0.000314
0.000335
0.000352
0.000362
0.000375
0.000389
0.000394
0.000403
0.000421
0.000431
0.000438
0.000453
0.000463
0.000465
0.000469
0.000481
0.000490
0.000500
0.000508
0.000512
0.000518
0.000524
0.000529
0.000540
0.000548
0.000550
0.000552
0.000560
0.000571
0.000576
0.000574
0.000577
0.000585
0.000586
0.000584
0.000583
0.000580
0.000577
0.000580
0.000578
0.000577
0.000579
0.000577
0.000572
0.000572
0.000570
0.000563
0.000563
0.000564
0.000555
0.000552
0.000555
0.000552
0.000549
0.000553
0.000552
0.000550
0.000551
0.000552
0.000551
0.000558
0.000561
0.000556
0.000553
0.000556
0.000555
0.000556
0.000556
0.000548
0.000542
0.000543
0.000537
0.000533
0.000535
0.000532
0.000525
0.000526
0.000524
0.000516
0.000518
0.000521
0.000515
0.000512
0.000514
0.000507
0.000503
0.000507
0.000504
0.000497
0.000496
0.000494
0.000487
0.000486
0.000483
0.000474
0.000473
0.000471
0.000461
0.000456
0.000454
0.000445
0.000443
0.000448
0.000444
0.000442
0.000450
0.000450
0.000443
0.000448
0.000454
0.000448
0.000448
0.000450
0.000441
0.000439
0.000446
0.000443
0.000438
0.000444
0.000444
0.000436
0.000439
0.000446
0.000442
0.000441
0.000445
0.000443
0.000440
0.000444
0.000450
0.000450
0.000449
0.000452
0.000455
0.000461
0.000462
0.000460
0.000463
0.000470
0.000468
0.000466
0.000472
0.000476
0.000474
0.000482
0.000488
0.000485
0.000491
0.000501
0.000502
0.000505
0.000514
0.000516
0.000519
0.000531
0.000535
0.000533
0.000541
0.000547
0.000543
0.000546
0.000554
0.000551
0.000550
0.000558
0.000558
0.000556
0.000567
0.000570
0.000565
0.000570
0.000578
0.000575
0.000577
0.000580
0.000577
0.000576
0.000581
0.000579
0.000575
0.000580
0.000583
0.000577
0.000577
0.000578
0.000572
0.000573
0.000579
0.000572
0.000565
0.000567
0.000567
0.000561
0.000561
0.000563
0.000557
0.000557
0.000559
0.000554
0.000551
0.000554
0.000554
0.000550
0.000548
0.000547
0.000544
0.000544
0.000541
0.000534
0.000532
0.000533
0.000526
0.000520
0.000519
0.000514
0.000508
0.000508
0.000503
0.000494
0.000495
0.000494
0.000484
0.000480
0.000478
0.000470
0.000464
0.000462
0.000450
0.000439
0.000437
0.000431
0.000419
0.000416
0.000410
0.000396
0.000392
0.000391
0.000378
0.000370
0.000368
0.000357
0.000347
0.000348
0.000340
0.000327
0.000324
0.000320
0.000308
0.000304
0.000299
0.000287
0.000282
0.000279
0.000267
0.000258
0.000254
0.000241
0.000233
0.000230
0.000220
0.000209
0.000205
0.000194
0.000183
0.000179
0.000170
0.000157
0.000151
0.000145
0.000132
0.000124
0.000118
0.000105
0.000098
0.000092
0.000080
0.000070
0.000063
0.000051
0.000043
0.000038
0.000026
0.000017
0.000013
0.000005
-0.000005
-0.000007
-0.000014
-0.000023
-0.000026
-0.000030
-0.000039
-0.000042
-0.000046
-0.000054
-0.000058
-0.000062
-0.000071
-0.000073
-0.000076
-0.000085
-0.000091
-0.000094
-0.000102
-0.000109
-0.000111
-0.000118
-0.000127
-0.000127
-0.000134
-0.000142
-0.000143
-0.000147
-0.000156
-0.000158
-0.000162
-0.000170
-0.000174
-0.000175
-0.000184
-0.000189
-0.000189
-0.000194
-0.000200
-0.000201
-0.000206
-0.000213
-0.000214
-0.000217
-0.000224
-0.000224
-0.000226
-0.000232
-0.000233
-0.000235
-0.000239
-0.000239
-0.000239
-0.000244
-0.000246
-0.000246
-0.000251
-0.000254
-0.000252
-0.000256
-0.000260
-0.000257
-0.000260
-0.000266
-0.000263
-0.000261
-0.000268
-0.000269
-0.000268
-0.000274
-0.000274
-0.000273
-0.000279
-0.000282
-0.000279
-0.000283
-0.000287
-0.000285
-0.000288
-0.000293
-0.000291
-0.000291
-0.000298
-0.000298
-0.000297
-0.000302
-0.000302
-0.000300
-0.000304
-0.000303
-0.000298
-0.000299
-0.000302
-0.000299
-0.000297
-0.000297
-0.000295
-0.000293
-0.000295
-0.000293
-0.000291
-0.000293
-0.000295
-0.000294
-0.000295
-0.000296
-0.000297
-0.000300
-0.000301
-0.000300
-0.000301
-0.000304
-0.000303
-0.000303
-0.000304
-0.000301
-0.000301
-0.000305
-0.000304
-0.000300
-0.000300
-0.000300
-0.000300
-0.000302
-0.000302
-0.000299
-0.000301
-0.000304
-0.000302
-0.000304
-0.000307
-0.000307
-0.000308
-0.000313
-0.000312
-0.000311
-0.000315
-0.000315
-0.000313
-0.000318
-0.000319
-0.000314
-0.000315
-0.000315
-0.000308
-0.000309
-0.000310
-0.000304
-0.000302
-0.000305
-0.000301
-0.000300
-0.000304
-0.000300
-0.000298
-0.000305
-0.000303
-0.000298
-0.000302
-0.000301
-0.000296
-0.000302
-0.000305
-0.000296
-0.000297
-0.000302
-0.000294
-0.000293
-0.000299
-0.000293
-0.000290
-0.000296
-0.000293
-0.000289
-0.000296
-0.000295
-0.000288
-0.000294
-0.000296
-0.000286
-0.000289
-0.000291
-0.000282
-0.000283
-0.000290
-0.000280
-0.000277
-0.000286
-0.000280
-0.000276
-0.000284
-0.000277
-0.000270
-0.000278
-0.000276
-0.000265
-0.000269
-0.000268
-0.000257
-0.000260
-0.000264
-0.000252
-0.000250
-0.000258
-0.000248
-0.000244
-0.000251
-0.000243
-0.000236
-0.000246
-0.000242
-0.000231
-0.000237
-0.000238
-0.000228
-0.000234
-0.000238
-0.000227
-0.000229
-0.000235
-0.000225
-0.000223
-0.000229
-0.000219
-0.000213
-0.000223
-0.000215
-0.000204
-0.000211
-0.000207
-0.000196
-0.000202
-0.000203
-0.000191
-0.000194
-0.000197
-0.000186
-0.000186
-0.000192
-0.000178
-0.000176
-0.000183
-0.000173
-0.000166
-0.000175
-0.000167
-0.000158
-0.000167
-0.000165
-0.000152
-0.000160
-0.000160
-0.000147
-0.000153
-0.000158
-0.000142
-0.000143
-0.000150
-0.000137
-0.000135
-0.000146
-0.000132
-0.000124
-0.000138
-0.000131
-0.000120
-0.000131
-0.000129
-0.000115
-0.000127
-0.000131
-0.000115
-0.000118
-0.000126
-0.000112
-0.000115
-0.000125
-0.000108
-0.000103
-0.000120
-0.000109
-0.000098
-0.000109
-0.000101
-0.000087
-0.000100
-0.000099
-0.000079
-0.000086
-0.000094
-0.000078
-0.000084
-0.000094
-0.000075
-0.000073
-0.000092
-0.000078
-0.000068
-0.000083
-0.000073
-0.000059
-0.000077
-0.000074
-0.000052
-0.000065
-0.000072
-0.000053
-0.000062
-0.000073
-0.000053
-0.000055
-0.000073
-0.000058
-0.000050
-0.000067
-0.000054
-0.000041
-0.000061
-0.000055
-0.000034
-0.000050
-0.000053
-0.000033
-0.000045
-0.000055
-0.000031
-0.000036
-0.000055
-0.000035
-0.000031
-0.000049
-0.000032
-0.000023
-0.000047
-0.000036
-0.000015
-0.000034
-0.000033
-0.000012
-0.000026
-0.000031
-0.000004
-0.000014
-0.000030
0.000004
0.000007
-0.000011
0.000012
0.000019
-0.000001
0.000015
0.000033
0.000009
0.000012
0.000037
0.000021
0.000018
0.000043
0.000030
0.000019
0.000047
0.000045
0.000026
0.000048
0.000053
0.000031
0.000049
0.000064
0.000041
0.000049
0.000072
0.000052
0.000054
0.000080
0.000064
0.000056
0.000084
0.000078
0.000064
0.000089
0.000091
0.000072
0.000095
0.000108
0.000085
0.000100
0.000122
0.000101
0.000109
0.000134
0.000113
0.000110
0.000140
0.000128
0.000114
0.000143
0.000139
0.000120
0.000146
0.000153
0.000128
0.000148
0.000166
0.000143
0.000153
0.000178
0.000156
0.000157
0.000188
0.000172
0.000161
0.000193
0.000186
0.000169
0.000197
0.000199
0.000175
0.000200
0.000214
0.000188
0.000203
0.000227
0.000202
0.000209
0.000240
0.000218
0.000213
0.000249
0.000236
0.000221
0.000254
0.000251
0.000229
0.000261
0.000268
0.000239
0.000263
0.000282
0.000252
0.000265
0.000292
0.000264
0.000265
0.000299
0.000278
0.000266
0.000302
0.000289
0.000267
0.000302
0.000302
0.000272
0.000301
0.000313
0.000279
0.000297
0.000322
0.000290
0.000297
0.000330
0.000302
0.000296
0.000336
0.000316
0.000299
0.000338
0.000329
0.000300
0.000336
0.000342
0.000305
0.000329
0.000349
0.000311
0.000327
0.000357
0.000319
0.000319
0.000359
0.000332
0.000315
0.000356
0.000339
0.000311
0.000352
0.000349
0.000308
0.000341
0.000354
0.000312
0.000333
0.000359
0.000316
0.000323
0.000361
0.000324
0.000313
0.000358
0.000332
0.000305
0.000349
0.000337
0.000299
0.000338
0.000343
0.000296
0.000325
0.000347
0.000300
0.000313
0.000348
0.000304
0.000302
0.000347
0.000312
0.000290
0.000338
0.000320
0.000285
0.000328
0.000324
0.000277
0.000314
0.000328
0.000276
0.000297
0.000328
0.000278
0.000282
0.000325
0.000281
0.000266
0.000317
0.000287
0.000254
0.000304
0.000292
0.000246
0.000290
0.000297
0.000242
0.000273
0.000299
0.000242
0.000254
0.000296
0.000244
0.000237
0.000289
0.000249
0.000223
0.000279
0.000256
0.000212
0.000263
0.000262
0.000206
0.000247
0.000265
0.000203
0.000227
0.000265
0.000204
0.000207
0.000259
0.000210
0.000192
0.000252
0.000217
0.000178
0.000240
0.000228
0.000172
0.000224
0.000233
0.000169
0.000207
0.000237
0.000167
0.000184
0.000234
0.000173
0.000165
0.000226
0.000176
0.000146
0.000214
0.000185
0.000133
0.000197
0.000194
0.000128
0.000179
0.000199
0.000126
0.000159
0.000204
0.000131
0.000138
0.000201
0.000140
0.000121
0.000194
0.000149
0.000106
0.000181
0.000162
0.000096
0.000161
0.000170
0.000093
0.000141
0.000177
0.000094
0.000119
0.000179
0.000102
0.000097
0.000173
0.000113
0.000079
0.000162
0.000126
0.000066
0.000146
0.000141
0.000061
0.000124
0.000150
0.000062
0.000102
0.000156
0.000066
0.000076
0.000152
0.000079
0.000054
0.000142
0.000089
0.000036
0.000125
0.000103
0.000024
0.000102
0.000114
0.000023
0.000080
0.000124
0.000027
0.000056
0.000128
0.000039
0.000032
0.000123
0.000053
0.000011
0.000109
0.000068
-0.000004
0.000088
0.000082
-0.000012
0.000064
0.000094
-0.000012
0.000036
0.000100
-0.000003
0.000010
0.000099
0.000010
-0.000018
0.000088
0.000027
-0.000037
0.000067
0.000041
-0.000051
0.000043
0.000055
-0.000056
0.000011
0.000065
-0.000051
-0.000018
0.000066
-0.000040
-0.000048
0.000061
-0.000022
-0.000072
0.000044
-0.000005
-0.000090
0.000020
0.000012
-0.000100
-0.000009
0.000028
-0.000096
-0.000040
0.000035
-0.000086
-0.000071
0.000035
-0.000069
-0.000099
0.000024
-0.000049
-0.000122
0.000003
-0.000028
-0.000136
-0.000024
-0.000010
-0.000139
-0.000057
0.000004
-0.000134
-0.000093
0.000007
-0.000117
-0.000124
0.000003
-0.000097
-0.000152
-0.000013
-0.000071
-0.000172
-0.000040
-0.000050
-0.000181
-0.000073
-0.000032
-0.000181
-0.000111
-0.000020
-0.000166
-0.000146
-0.000019
-0.000143
-0.000178
-0.000028
-0.000117
-0.000202
-0.000049
-0.000086
-0.000216
-0.000080
-0.000061
-0.000216
-0.000117
-0.000044
-0.000209
-0.000156
-0.000034
-0.000186
-0.000195
-0.000039
-0.000157
-0.000222
-0.000054
-0.000125
-0.000244
-0.000082
-0.000092
-0.000250
-0.000119
-0.000068
-0.000244
-0.000158
-0.000049
-0.000226
-0.000200
-0.000044
-0.000194
-0.000235
-0.000054
-0.000160
-0.000260
-0.000076
-0.000122
-0.000276
-0.000110
-0.000088
-0.000272
-0.000152
-0.000062
-0.000258
-0.000193
-0.000047
-0.000228
-0.000235
-0.000047
-0.000188
-0.000265
-0.000064
-0.000147
-0.000286
-0.000092
-0.000105
-0.000293
-0.000135
-0.000074
-0.000283
-0.000180
-0.000052
-0.000260
-0.000227
-0.000043
-0.000221
-0.000267
-0.000052
-0.000177
-0.000294
-0.000075
-0.000131
-0.000313
-0.000117
-0.000091
-0.000310
-0.000165
-0.000061
-0.000294
-0.000217
-0.000045
-0.000258
-0.000265
-0.000045
-0.000214
-0.000302
-0.000060
-0.000160
-0.000326
-0.000095
-0.000112
-0.000332
-0.000141
-0.000069
-0.000322
-0.000198
-0.000043
-0.000290
-0.000251
-0.000035
-0.000248
-0.000300
-0.000043
-0.000193
-0.000335
-0.000075
-0.000140
-0.000353
-0.000117
-0.000089
-0.000352
-0.000177
-0.000051
-0.000326
-0.000234
-0.000032
-0.000289
-0.000295
-0.000030
-0.000232
-0.000340
-0.000056
-0.000176
-0.000372
-0.000094
-0.000117
-0.000382
-0.000157
-0.000070
-0.000367
-0.000217
-0.000036
-0.000335
-0.000287
-0.000024
-0.000278
-0.000342
-0.000039
-0.000221
-0.000387
-0.000072
-0.000151
-0.000410
-0.000132
-0.000097
-0.000405
-0.000196
-0.000049
-0.000384
-0.000275
-0.000027
-0.000329
-0.000338
-0.000027
-0.000274
-0.000398
-0.000052
-0.000194
-0.000433
-0.000108
-0.000135
-0.000445
-0.000170
-0.000070
-0.000432
-0.000258
-0.000039
-0.000388
-0.000329
-0.000024
-0.000334
-0.000408
-0.000038
-0.000249
-0.000451
-0.000083
-0.000181
-0.000482
-0.000140
-0.000098
-0.000474
-0.000230
-0.000053
-0.000440
-0.000302
-0.000014
-0.000387
-0.000399
-0.000018
-0.000302
-0.000449
-0.000049
-0.000229
-0.000506
-0.000102
-0.000129
-0.000507
-0.000192
-0.000075
-0.000493
-0.000269
-0.000012
-0.000443
-0.000379
-0.000006
-0.000359
-0.000440
-0.000012
-0.000280
-0.000519
-0.000063
-0.000168
-0.000530
-0.000142
-0.000104
-0.000540
-0.000227
-0.000012
-0.000491
-0.000345
-0.000000
-0.000422
-0.000417
0.000027
-0.000336
-0.000522
-0.000026
-0.000214
-0.000539
-0.000081
-0.000140
-0.000582
-0.000173
-0.000017
-0.000520
-0.000284
0.000001
-0.000454
-0.000343
0.000060
-0.000336
-0.000424
0.000012
-0.000208
-0.000393
-0.000008
-0.000118
-0.000386
-0.000067
-0.000020
-0.000286
-0.000106
-0.000001
-0.000217
-0.000115
0.000031
-0.000122
-0.000116
0.000011
-0.000061
-0.000077
0.000008
-0.000021
-0.000048
-0.000003
-0.000003
-0.000015
-0.000002
-0.000000
-0.000001
-0.000000
}