metadata {
length 100
directionformat azimuth
audioformat stereo
lineformat ir
elevationstride 1
azimuthstride 2
azirange 44
}
left {
316, 0.000000, 0.000000, 0.000001, 0.000003, 0.000005, 0.000006, 0.000007, 0.000008, 0.000012, 0.000013, 0.000007, 0.000011, 0.000004, -0.000007, -0.000000, -0.000007, -0.000012, -0.000015, -0.000028, -0.000033, -0.000045, -0.000068, -0.000088, -0.000101, -0.000099, -0.000101, -0.000094, -0.000073, -0.000070, -0.000055, -0.000028, -0.000010, -0.000010, -0.000006, 0.000005, 0.000015, 0.000050, 0.000062, 0.000076, 0.000094, 0.000083, 0.000096, 0.000114, 0.000105, 0.000095, 0.000085, 0.000075, 0.000064, 0.000055, 0.000046, 0.000053, 0.000069, 0.000102, 0.000135, 0.000182, 0.000218, 0.000202, 0.000236, 0.000177, 0.000140, 0.000172, 0.000036, 0.000093, 0.000209, 0.000531, 0.001375, 0.002927, 0.005398, 0.009049, 0.013153, 0.017655, 0.026800, 0.087735, 0.075078, -0.125326, -0.122690, 0.002301, 0.036972, 0.144590, 0.073615, 0.149793, 0.181592, -0.171195, -0.245084, -0.136162, -0.097988, -0.111715, -0.038963, 0.050319, 0.036399, -0.013014, -0.050243, 0.041968, 0.036995, -0.001628, -0.000353, 0.001866, -0.019605, -0.027336, 0.013410, 
318, -0.000000, -0.000000, 0.000000, 0.000001, 0.000003, 0.000005, 0.000007, 0.000009, 0.000008, 0.000006, -0.000002, -0.000005, 0.000007, 0.000004, -0.000011, -0.000020, -0.000043, -0.000036, -0.000034, -0.000058, -0.000077, -0.000098, -0.000109, -0.000115, -0.000106, -0.000101, -0.000090, -0.000095, -0.000097, -0.000066, -0.000063, -0.000059, -0.000038, -0.000026, -0.000018, 0.000006, 0.000036, 0.000050, 0.000060, 0.000067, 0.000080, 0.000098, 0.000098, 0.000091, 0.000083, 0.000063, 0.000040, 0.000040, 0.000036, 0.000025, 0.000058, 0.000078, 0.000096, 0.000124, 0.000182, 0.000221, 0.000191, 0.000222, 0.000182, 0.000143, 0.000169, 0.000035, 0.000085, 0.000210, 0.000470, 0.001243, 0.002737, 0.005082, 0.008683, 0.012683, 0.017392, 0.024573, 0.080762, 0.085486, -0.106737, -0.133950, -0.005634, 0.028521, 0.140073, 0.083042, 0.125424, 0.199957, -0.128170, -0.252702, -0.146862, -0.101834, -0.116546, -0.053456, 0.044849, 0.041096, -0.002324, -0.048627, 0.032243, 0.044165, 0.003690, 0.001368, 0.000844, -0.016245, -0.031009, 0.004890, 
320, 0.000000, 0.000000, 0.000000, 0.000000, 0.000002, 0.000005, 0.000005, 0.000006, 0.000009, 0.000000, -0.000003, -0.000004, 0.000000, -0.000004, -0.000027, -0.000047, -0.000049, -0.000032, -0.000066, -0.000091, -0.000096, -0.000105, -0.000116, -0.000118, -0.000115, -0.000110, -0.000106, -0.000119, -0.000101, -0.000081, -0.000068, -0.000052, -0.000037, -0.000037, -0.000013, 0.000014, 0.000030, 0.000037, 0.000060, 0.000082, 0.000082, 0.000106, 0.000087, 0.000077, 0.000065, 0.000070, 0.000062, 0.000045, 0.000051, 0.000044, 0.000070, 0.000059, 0.000081, 0.000107, 0.000156, 0.000204, 0.000186, 0.000209, 0.000182, 0.000145, 0.000166, 0.000055, 0.000062, 0.000173, 0.000414, 0.001136, 0.002540, 0.004779, 0.008303, 0.012209, 0.017086, 0.022644, 0.072918, 0.093802, -0.084823, -0.142715, -0.015492, 0.019962, 0.131293, 0.096071, 0.102449, 0.208037, -0.078015, -0.253576, -0.160859, -0.104606, -0.120231, -0.068448, 0.036482, 0.043892, 0.008743, -0.043266, 0.020032, 0.050319, 0.011189, 0.001655, -0.000053, -0.013996, -0.031131, -0.005420, 
322, 0.000000, 0.000000, 0.000001, 0.000001, 0.000002, 0.000004, 0.000011, 0.000015, 0.000017, 0.000024, 0.000021, 0.000017, 0.000013, 0.000006, -0.000012, -0.000015, -0.000022, -0.000016, -0.000018, -0.000037, -0.000054, -0.000070, -0.000081, -0.000097, -0.000092, -0.000081, -0.000084, -0.000095, -0.000080, -0.000070, -0.000072, -0.000053, -0.000029, -0.000022, -0.000002, 0.000021, 0.000031, 0.000037, 0.000052, 0.000085, 0.000095, 0.000114, 0.000112, 0.000099, 0.000096, 0.000087, 0.000070, 0.000055, 0.000064, 0.000049, 0.000076, 0.000098, 0.000094, 0.000127, 0.000159, 0.000189, 0.000205, 0.000249, 0.000216, 0.000173, 0.000216, 0.000084, 0.000063, 0.000187, 0.000387, 0.001018, 0.002364, 0.004467, 0.007876, 0.011693, 0.016649, 0.021050, 0.064824, 0.099667, -0.061067, -0.147759, -0.026906, 0.011218, 0.118792, 0.110310, 0.083685, 0.205842, -0.024892, -0.244660, -0.177452, -0.107536, -0.123017, -0.084270, 0.024146, 0.044436, 0.020938, -0.034532, 0.008168, 0.055128, 0.020107, 0.001157, -0.001749, -0.013055, -0.028389, -0.017121, 
324, -0.000000, -0.000000, 0.000000, 0.000003, 0.000005, 0.000005, 0.000008, 0.000013, 0.000017, 0.000019, 0.000022, 0.000030, 0.000026, 0.000007, -0.000002, -0.000004, -0.000012, -0.000028, -0.000040, -0.000034, -0.000040, -0.000053, -0.000058, -0.000076, -0.000073, -0.000085, -0.000096, -0.000081, -0.000082, -0.000071, -0.000070, -0.000043, -0.000006, 0.000013, 0.000018, 0.000014, 0.000040, 0.000041, 0.000061, 0.000085, 0.000089, 0.000109, 0.000108, 0.000099, 0.000104, 0.000105, 0.000081, 0.000061, 0.000061, 0.000055, 0.000059, 0.000070, 0.000086, 0.000129, 0.000166, 0.000208, 0.000214, 0.000240, 0.000238, 0.000151, 0.000175, 0.000111, 0.000065, 0.000154, 0.000339, 0.000909, 0.002165, 0.004125, 0.007347, 0.011114, 0.016114, 0.019781, 0.056338, 0.103084, -0.034961, -0.150173, -0.040592, 0.003748, 0.102622, 0.125849, 0.071178, 0.193129, 0.028261, -0.225619, -0.198086, -0.112472, -0.121552, -0.100108, 0.008062, 0.043600, 0.032711, -0.023808, -0.002705, 0.057034, 0.031084, 0.001311, -0.005113, -0.012249, -0.024622, -0.028730, 
326, 0.000000, 0.000000, 0.000000, 0.000001, 0.000005, 0.000007, 0.000008, 0.000012, 0.000021, 0.000020, 0.000012, 0.000016, 0.000022, 0.000015, 0.000001, -0.000010, -0.000001, 0.000002, -0.000015, -0.000051, -0.000070, -0.000075, -0.000083, -0.000078, -0.000086, -0.000092, -0.000083, -0.000082, -0.000087, -0.000050, -0.000035, -0.000041, -0.000024, -0.000024, -0.000008, 0.000022, 0.000046, 0.000064, 0.000086, 0.000083, 0.000074, 0.000091, 0.000097, 0.000092, 0.000080, 0.000083, 0.000078, 0.000060, 0.000065, 0.000065, 0.000066, 0.000065, 0.000073, 0.000105, 0.000150, 0.000209, 0.000210, 0.000231, 0.000257, 0.000170, 0.000175, 0.000117, 0.000056, 0.000166, 0.000295, 0.000771, 0.001939, 0.003781, 0.006856, 0.010563, 0.015435, 0.018805, 0.047603, 0.103266, -0.007236, -0.147347, -0.055192, -0.004037, 0.081811, 0.139388, 0.065887, 0.171735, 0.076572, -0.191774, -0.215729, -0.121571, -0.117263, -0.115563, -0.012685, 0.038666, 0.043086, -0.009967, -0.009849, 0.054440, 0.042442, 0.003572, -0.009436, -0.011186, -0.021773, -0.036785, 
328, -0.000000, -0.000000, 0.000000, 0.000001, 0.000002, 0.000002, 0.000001, -0.000001, -0.000004, -0.000002, 0.000007, 0.000004, -0.000014, -0.000029, -0.000026, -0.000019, -0.000042, -0.000061, -0.000077, -0.000085, -0.000096, -0.000101, -0.000107, -0.000113, -0.000116, -0.000128, -0.000117, -0.000111, -0.000116, -0.000109, -0.000103, -0.000090, -0.000078, -0.000060, -0.000026, -0.000013, -0.000002, 0.000020, 0.000039, 0.000045, 0.000031, 0.000037, 0.000060, 0.000072, 0.000062, 0.000050, 0.000048, 0.000033, 0.000022, 0.000023, 0.000025, 0.000036, 0.000043, 0.000072, 0.000110, 0.000165, 0.000182, 0.000176, 0.000198, 0.000157, 0.000163, 0.000116, 0.000032, 0.000096, 0.000226, 0.000653, 0.001676, 0.003409, 0.006264, 0.009922, 0.014616, 0.018139, 0.039441, 0.099835, 0.020293, -0.138923, -0.070613, -0.010352, 0.057636, 0.148100, 0.069742, 0.143764, 0.115297, -0.144550, -0.228124, -0.138224, -0.109917, -0.127998, -0.037915, 0.031926, 0.051383, 0.006362, -0.012532, 0.046667, 0.053200, 0.008779, -0.015250, -0.010657, -0.020106, -0.040237, 
330, 0.000000, 0.000000, 0.000001, 0.000002, 0.000006, 0.000012, 0.000016, 0.000022, 0.000025, 0.000023, 0.000016, 0.000010, 0.000012, 0.000018, 0.000006, 0.000004, 0.000016, 0.000002, -0.000015, -0.000031, -0.000038, -0.000054, -0.000070, -0.000077, -0.000076, -0.000051, -0.000052, -0.000068, -0.000069, -0.000047, -0.000035, -0.000039, -0.000026, -0.000011, 0.000010, 0.000020, 0.000045, 0.000074, 0.000073, 0.000082, 0.000105, 0.000109, 0.000109, 0.000109, 0.000090, 0.000095, 0.000097, 0.000072, 0.000069, 0.000072, 0.000062, 0.000079, 0.000093, 0.000111, 0.000160, 0.000219, 0.000230, 0.000231, 0.000268, 0.000203, 0.000177, 0.000156, 0.000056, 0.000126, 0.000237, 0.000584, 0.001503, 0.003139, 0.005753, 0.009321, 0.013758, 0.017713, 0.032632, 0.092980, 0.044689, -0.123886, -0.084653, -0.015747, 0.032840, 0.148892, 0.081578, 0.115684, 0.138199, -0.090018, -0.226676, -0.160462, -0.103974, -0.134267, -0.064739, 0.020894, 0.055119, 0.023931, -0.010003, 0.035821, 0.060242, 0.017817, -0.019617, -0.011357, -0.019408, -0.039030, 
332, 0.000000, 0.000000, 0.000001, 0.000002, 0.000004, 0.000007, 0.000008, 0.000009, 0.000012, 0.000023, 0.000024, 0.000012, 0.000017, 0.000014, 0.000006, -0.000006, -0.000015, -0.000025, -0.000029, -0.000024, -0.000035, -0.000043, -0.000061, -0.000079, -0.000081, -0.000083, -0.000083, -0.000081, -0.000077, -0.000069, -0.000059, -0.000025, -0.000011, -0.000012, 0.000004, 0.000016, 0.000035, 0.000066, 0.000087, 0.000080, 0.000082, 0.000097, 0.000112, 0.000124, 0.000116, 0.000098, 0.000100, 0.000080, 0.000052, 0.000055, 0.000059, 0.000075, 0.000091, 0.000099, 0.000130, 0.000206, 0.000227, 0.000220, 0.000255, 0.000202, 0.000166, 0.000181, 0.000062, 0.000082, 0.000212, 0.000503, 0.001277, 0.002793, 0.005176, 0.008687, 0.012833, 0.017232, 0.026986, 0.083405, 0.065690, -0.103442, -0.098036, -0.020260, 0.008837, 0.141454, 0.099825, 0.090691, 0.146565, -0.034243, -0.210838, -0.186359, -0.102693, -0.132816, -0.091592, 0.005541, 0.054933, 0.041931, -0.003387, 0.024408, 0.062109, 0.029841, -0.022096, -0.015401, -0.018789, -0.035112, 
334, -0.000000, -0.000000, 0.000000, 0.000001, -0.000000, -0.000002, -0.000001, 0.000006, 0.000008, 0.000008, 0.000008, 0.000010, 0.000000, -0.000022, -0.000018, -0.000026, -0.000049, -0.000057, -0.000051, -0.000050, -0.000049, -0.000063, -0.000083, -0.000091, -0.000107, -0.000122, -0.000116, -0.000102, -0.000109, -0.000108, -0.000095, -0.000081, -0.000051, -0.000034, -0.000028, -0.000016, -0.000000, 0.000025, 0.000026, 0.000027, 0.000054, 0.000068, 0.000074, 0.000077, 0.000062, 0.000047, 0.000059, 0.000054, 0.000048, 0.000047, 0.000031, 0.000055, 0.000066, 0.000075, 0.000110, 0.000156, 0.000174, 0.000181, 0.000229, 0.000196, 0.000154, 0.000175, 0.000051, 0.000052, 0.000158, 0.000399, 0.001073, 0.002456, 0.004572, 0.007955, 0.011878, 0.016719, 0.022554, 0.071346, 0.083231, -0.076435, -0.110671, -0.024484, -0.013749, 0.123357, 0.123129, 0.071888, 0.142953, 0.019382, -0.178003, -0.211530, -0.112734, -0.123498, -0.115910, -0.016085, 0.049430, 0.060382, 0.008586, 0.013630, 0.056923, 0.044672, -0.019227, -0.023292, -0.017519, -0.029802, 
336, 0.000000, 0.000000, 0.000001, 0.000001, 0.000003, 0.000007, 0.000008, 0.000012, 0.000018, 0.000024, 0.000023, 0.000027, 0.000020, 0.000010, 0.000002, 0.000004, 0.000014, 0.000000, -0.000021, -0.000033, -0.000020, -0.000039, -0.000053, -0.000054, -0.000062, -0.000074, -0.000087, -0.000088, -0.000105, -0.000092, -0.000070, -0.000051, -0.000018, 0.000003, 0.000003, 0.000013, 0.000032, 0.000040, 0.000049, 0.000053, 0.000072, 0.000090, 0.000110, 0.000120, 0.000106, 0.000101, 0.000081, 0.000052, 0.000043, 0.000057, 0.000053, 0.000057, 0.000065, 0.000083, 0.000123, 0.000163, 0.000205, 0.000209, 0.000246, 0.000236, 0.000162, 0.000171, 0.000088, 0.000073, 0.000155, 0.000332, 0.000881, 0.002145, 0.004082, 0.007267, 0.010922, 0.015944, 0.019877, 0.058984, 0.093448, -0.046461, -0.118999, -0.028720, -0.029510, 0.096245, 0.144482, 0.063160, 0.129257, 0.059818, -0.132764, -0.224508, -0.134655, -0.108991, -0.131930, -0.042331, 0.039981, 0.074579, 0.022550, 0.006952, 0.046639, 0.057162, -0.010313, -0.033151, -0.015940, -0.025216, 
338, -0.000000, 0.000000, 0.000000, 0.000000, 0.000002, 0.000004, 0.000005, 0.000007, 0.000008, 0.000012, 0.000018, 0.000020, 0.000008, 0.000003, -0.000007, -0.000017, -0.000017, -0.000028, -0.000039, -0.000048, -0.000055, -0.000067, -0.000059, -0.000064, -0.000090, -0.000100, -0.000114, -0.000108, -0.000101, -0.000099, -0.000090, -0.000081, -0.000056, -0.000023, 0.000004, -0.000007, -0.000014, 0.000018, 0.000042, 0.000040, 0.000043, 0.000061, 0.000078, 0.000080, 0.000068, 0.000081, 0.000084, 0.000061, 0.000038, 0.000029, 0.000029, 0.000048, 0.000068, 0.000064, 0.000084, 0.000127, 0.000179, 0.000176, 0.000191, 0.000214, 0.000151, 0.000175, 0.000103, 0.000018, 0.000094, 0.000256, 0.000718, 0.001802, 0.003544, 0.006483, 0.010033, 0.014876, 0.018220, 0.046628, 0.096578, -0.012751, -0.121786, -0.035484, -0.037008, 0.059220, 0.159473, 0.066008, 0.109837, 0.087999, -0.080823, -0.218568, -0.167151, -0.096580, -0.136593, -0.072460, 0.024073, 0.081856, 0.040418, 0.005577, 0.032992, 0.063739, 0.005995, -0.042218, -0.016653, -0.021549, 
340, -0.000000, -0.000000, -0.000000, -0.000001, -0.000002, -0.000004, -0.000009, -0.000009, -0.000009, -0.000010, -0.000016, -0.000033, -0.000045, -0.000030, -0.000029, -0.000048, -0.000069, -0.000073, -0.000086, -0.000097, -0.000089, -0.000094, -0.000098, -0.000109, -0.000118, -0.000131, -0.000124, -0.000130, -0.000144, -0.000149, -0.000135, -0.000103, -0.000092, -0.000085, -0.000045, -0.000022, -0.000032, -0.000000, -0.000000, -0.000009, 0.000012, 0.000025, 0.000032, 0.000032, 0.000058, 0.000054, 0.000048, 0.000047, 0.000021, 0.000018, 0.000024, 0.000014, 0.000016, 0.000035, 0.000064, 0.000104, 0.000157, 0.000177, 0.000185, 0.000220, 0.000177, 0.000164, 0.000105, 0.000011, 0.000095, 0.000208, 0.000569, 0.001498, 0.003133, 0.005755, 0.009182, 0.013674, 0.017324, 0.035929, 0.092756, 0.020647, -0.116616, -0.046339, -0.036695, 0.018359, 0.163449, 0.080795, 0.088404, 0.103674, -0.028387, -0.193166, -0.204674, -0.093695, -0.128733, -0.103209, 0.003267, 0.082276, 0.060246, 0.009385, 0.018917, 0.062966, 0.027418, -0.046471, -0.021453, -0.018206, 
342, -0.000000, -0.000000, -0.000000, 0.000001, 0.000001, -0.000002, -0.000001, -0.000000, 0.000004, 0.000012, 0.000012, 0.000011, -0.000004, -0.000019, -0.000016, -0.000023, -0.000022, -0.000019, -0.000035, -0.000048, -0.000045, -0.000054, -0.000070, -0.000076, -0.000075, -0.000088, -0.000112, -0.000105, -0.000093, -0.000086, -0.000094, -0.000095, -0.000070, -0.000034, -0.000015, -0.000012, 0.000006, 0.000011, 0.000033, 0.000046, 0.000046, 0.000067, 0.000073, 0.000086, 0.000089, 0.000081, 0.000084, 0.000087, 0.000059, 0.000030, 0.000030, 0.000029, 0.000046, 0.000066, 0.000086, 0.000103, 0.000173, 0.000211, 0.000218, 0.000257, 0.000184, 0.000163, 0.000174, 0.000044, 0.000066, 0.000168, 0.000499, 0.001266, 0.002714, 0.005016, 0.008406, 0.012456, 0.016724, 0.027494, 0.083103, 0.051233, -0.102366, -0.061889, -0.029032, -0.020190, 0.151591, 0.104696, 0.070760, 0.107856, 0.013868, -0.148427, -0.233985, -0.107874, -0.110538, -0.127596, -0.022539, 0.073441, 0.079148, 0.018745, 0.008287, 0.052366, 0.049317, -0.040404, -0.031076, -0.015982, 
344, 0.000000, 0.000000, 0.000001, 0.000002, 0.000003, 0.000006, 0.000007, 0.000010, 0.000026, 0.000035, 0.000030, 0.000031, 0.000041, 0.000032, 0.000021, 0.000010, 0.000002, -0.000011, -0.000026, -0.000038, -0.000050, -0.000037, -0.000050, -0.000072, -0.000093, -0.000091, -0.000086, -0.000094, -0.000094, -0.000097, -0.000073, -0.000047, -0.000046, -0.000052, -0.000014, 0.000007, 0.000003, 0.000031, 0.000049, 0.000059, 0.000094, 0.000090, 0.000087, 0.000111, 0.000115, 0.000122, 0.000089, 0.000072, 0.000052, 0.000048, 0.000067, 0.000057, 0.000056, 0.000068, 0.000109, 0.000129, 0.000169, 0.000184, 0.000190, 0.000239, 0.000214, 0.000160, 0.000177, 0.000094, 0.000116, 0.000169, 0.000378, 0.001039, 0.002360, 0.004364, 0.007585, 0.011235, 0.016046, 0.021815, 0.069282, 0.075138, -0.077706, -0.080869, -0.017984, -0.048976, 0.120659, 0.133741, 0.059762, 0.104086, 0.043979, -0.094352, -0.242405, -0.140814, -0.088928, -0.139694, -0.052673, 0.055259, 0.093740, 0.033718, 0.002914, 0.035710, 0.065693, -0.022758, -0.044069, -0.016107, 
346, 0.000000, 0.000000, 0.000001, 0.000003, 0.000008, 0.000011, 0.000012, 0.000016, 0.000028, 0.000032, 0.000032, 0.000043, 0.000056, 0.000051, 0.000045, 0.000046, 0.000031, 0.000017, 0.000013, 0.000017, 0.000015, 0.000001, -0.000017, -0.000026, -0.000021, -0.000042, -0.000080, -0.000092, -0.000087, -0.000064, -0.000040, -0.000034, -0.000023, -0.000007, 0.000020, 0.000051, 0.000050, 0.000046, 0.000059, 0.000061, 0.000066, 0.000080, 0.000103, 0.000125, 0.000120, 0.000113, 0.000102, 0.000091, 0.000091, 0.000095, 0.000086, 0.000068, 0.000083, 0.000095, 0.000128, 0.000145, 0.000174, 0.000214, 0.000205, 0.000249, 0.000226, 0.000174, 0.000224, 0.000114, 0.000074, 0.000138, 0.000298, 0.000839, 0.001983, 0.003728, 0.006708, 0.010149, 0.015001, 0.018540, 0.053841, 0.088778, -0.043072, -0.098072, -0.011542, -0.060983, 0.072398, 0.157990, 0.061006, 0.094245, 0.062779, -0.040891, -0.221921, -0.186482, -0.076860, -0.134909, -0.083143, 0.028035, 0.099513, 0.053543, 0.003998, 0.016289, 0.070733, 0.006527, -0.054660, -0.020407, 
348, -0.000000, -0.000000, -0.000000, -0.000000, -0.000003, -0.000004, 0.000000, -0.000002, -0.000003, 0.000002, -0.000006, -0.000010, -0.000009, -0.000022, -0.000043, -0.000056, -0.000046, -0.000045, -0.000050, -0.000048, -0.000075, -0.000095, -0.000092, -0.000097, -0.000105, -0.000115, -0.000113, -0.000119, -0.000125, -0.000106, -0.000106, -0.000099, -0.000106, -0.000092, -0.000063, -0.000060, -0.000044, -0.000042, 0.000002, 0.000015, 0.000003, 0.000032, 0.000039, 0.000047, 0.000062, 0.000067, 0.000057, 0.000058, 0.000040, 0.000014, 0.000022, 0.000011, -0.000000, 0.000020, 0.000054, 0.000084, 0.000116, 0.000175, 0.000189, 0.000193, 0.000191, 0.000120, 0.000155, 0.000098, 0.000005, 0.000081, 0.000191, 0.000621, 0.001565, 0.003154, 0.005797, 0.009089, 0.013552, 0.016932, 0.039726, 0.090989, -0.003802, -0.107435, -0.014530, -0.054403, 0.016133, 0.167958, 0.075974, 0.081289, 0.072356, 0.000020, -0.173610, -0.228899, -0.084097, -0.115024, -0.109039, -0.005067, 0.093318, 0.075123, 0.011311, -0.000499, 0.063383, 0.040860, -0.056593, -0.029757, 
350, -0.000000, -0.000000, 0.000000, 0.000001, 0.000001, 0.000002, 0.000004, 0.000004, 0.000007, 0.000004, 0.000015, 0.000025, 0.000012, 0.000006, -0.000001, -0.000006, -0.000001, -0.000007, -0.000015, -0.000030, -0.000062, -0.000060, -0.000053, -0.000045, -0.000050, -0.000071, -0.000081, -0.000089, -0.000085, -0.000099, -0.000114, -0.000087, -0.000050, -0.000042, -0.000024, -0.000007, 0.000013, 0.000029, 0.000027, 0.000048, 0.000048, 0.000055, 0.000054, 0.000062, 0.000075, 0.000078, 0.000090, 0.000082, 0.000071, 0.000051, 0.000048, 0.000033, 0.000047, 0.000069, 0.000069, 0.000088, 0.000119, 0.000192, 0.000194, 0.000182, 0.000217, 0.000176, 0.000166, 0.000132, 0.000005, 0.000095, 0.000177, 0.000463, 0.001218, 0.002660, 0.004928, 0.008160, 0.012105, 0.016138, 0.028381, 0.082932, 0.036075, -0.103242, -0.031474, -0.032720, -0.037630, 0.153595, 0.104738, 0.068194, 0.077307, 0.025987, -0.106712, -0.251407, -0.117089, -0.086985, -0.123802, -0.041969, 0.072227, 0.094284, 0.026601, -0.009907, 0.044265, 0.073394, -0.043880, -0.046467, 
352, 0.000000, 0.000000, 0.000001, 0.000001, 0.000002, 0.000003, 0.000005, 0.000007, 0.000014, 0.000020, 0.000012, 0.000003, 0.000001, 0.000004, 0.000005, -0.000016, -0.000009, -0.000001, -0.000019, -0.000029, -0.000026, -0.000010, -0.000019, -0.000064, -0.000087, -0.000083, -0.000077, -0.000074, -0.000094, -0.000085, -0.000083, -0.000074, -0.000038, -0.000040, -0.000026, -0.000018, -0.000010, 0.000007, 0.000019, 0.000042, 0.000045, 0.000054, 0.000051, 0.000054, 0.000089, 0.000103, 0.000093, 0.000094, 0.000088, 0.000060, 0.000066, 0.000055, 0.000019, 0.000032, 0.000079, 0.000118, 0.000142, 0.000194, 0.000216, 0.000228, 0.000266, 0.000197, 0.000130, 0.000183, 0.000076, 0.000053, 0.000109, 0.000365, 0.001001, 0.002240, 0.004163, 0.007231, 0.010702, 0.015275, 0.021251, 0.067927, 0.066416, -0.081245, -0.057511, -0.007729, -0.070317, 0.111166, 0.137607, 0.061433, 0.078115, 0.037915, -0.042427, -0.237925, -0.167844, -0.065933, -0.122084, -0.076211, 0.039361, 0.105196, 0.047022, -0.011154, 0.020900, 0.090388, -0.014929, -0.062532, 
354, -0.000000, -0.000000, -0.000001, -0.000003, -0.000003, -0.000003, -0.000005, -0.000005, -0.000002, 0.000003, -0.000003, -0.000016, -0.000017, -0.000023, -0.000021, -0.000033, -0.000048, -0.000039, -0.000047, -0.000052, -0.000043, -0.000060, -0.000058, -0.000076, -0.000107, -0.000092, -0.000097, -0.000113, -0.000120, -0.000099, -0.000095, -0.000084, -0.000069, -0.000076, -0.000070, -0.000046, -0.000022, -0.000038, -0.000021, 0.000006, 0.000010, 0.000005, 0.000024, 0.000037, 0.000050, 0.000076, 0.000054, 0.000042, 0.000032, 0.000021, 0.000015, 0.000027, 0.000006, 0.000002, 0.000041, 0.000068, 0.000094, 0.000115, 0.000162, 0.000175, 0.000218, 0.000183, 0.000083, 0.000150, 0.000071, 0.000006, 0.000077, 0.000243, 0.000719, 0.001750, 0.003423, 0.006216, 0.009460, 0.014046, 0.017523, 0.050595, 0.083419, -0.044154, -0.084797, 0.007472, -0.074901, 0.047593, 0.162971, 0.067087, 0.074020, 0.044082, 0.005352, -0.189733, -0.220590, -0.065370, -0.104737, -0.101456, -0.000443, 0.101642, 0.070295, -0.003982, -0.000212, 0.087823, 0.024597, -0.069725, 
356, -0.000000, -0.000000, -0.000000, -0.000000, 0.000001, -0.000000, 0.000001, 0.000002, 0.000002, 0.000004, 0.000002, 0.000003, 0.000001, -0.000003, -0.000003, -0.000013, 0.000000, -0.000008, -0.000033, -0.000033, -0.000026, -0.000029, -0.000063, -0.000084, -0.000098, -0.000088, -0.000083, -0.000098, -0.000111, -0.000109, -0.000088, -0.000082, -0.000081, -0.000071, -0.000057, -0.000061, -0.000033, -0.000024, -0.000023, 0.000002, 0.000005, 0.000025, 0.000037, 0.000041, 0.000048, 0.000060, 0.000059, 0.000048, 0.000047, 0.000048, 0.000036, 0.000028, 0.000004, 0.000007, 0.000063, 0.000073, 0.000076, 0.000087, 0.000159, 0.000197, 0.000190, 0.000195, 0.000115, 0.000146, 0.000129, 0.000020, 0.000090, 0.000183, 0.000555, 0.001380, 0.002835, 0.005252, 0.008395, 0.012497, 0.015923, 0.034961, 0.085354, 0.001666, -0.101332, 0.002931, -0.051888, -0.022770, 0.165441, 0.089439, 0.064663, 0.050647, 0.031027, -0.116227, -0.254127, -0.093754, -0.078116, -0.115048, -0.042851, 0.079827, 0.093934, 0.012692, -0.013231, 0.067110, 0.064651, -0.061297, 
358, -0.000000, -0.000000, -0.000000, 0.000000, 0.000001, 0.000000, 0.000005, 0.000007, 0.000002, 0.000006, 0.000016, 0.000028, 0.000019, 0.000007, 0.000000, -0.000020, -0.000012, -0.000011, -0.000002, -0.000004, -0.000031, -0.000044, -0.000039, -0.000036, -0.000066, -0.000095, -0.000100, -0.000095, -0.000098, -0.000098, -0.000101, -0.000104, -0.000085, -0.000069, -0.000064, -0.000052, -0.000038, -0.000026, -0.000014, 0.000002, 0.000026, 0.000037, 0.000047, 0.000033, 0.000044, 0.000060, 0.000062, 0.000087, 0.000070, 0.000049, 0.000022, 0.000030, 0.000055, 0.000035, 0.000032, 0.000037, 0.000064, 0.000095, 0.000136, 0.000154, 0.000167, 0.000216, 0.000186, 0.000148, 0.000139, 0.000046, 0.000095, 0.000128, 0.000397, 0.001104, 0.002395, 0.004406, 0.007410, 0.010986, 0.015028, 0.024809, 0.074694, 0.040035, -0.094808, -0.020121, -0.017692, -0.069987, 0.133684, 0.120139, 0.056660, 0.057998, 0.036713, -0.047639, -0.244802, -0.142439, -0.059204, -0.110775, -0.075199, 0.043165, 0.104889, 0.034326, -0.013647, 0.038971, 0.087331, -0.035341, 
0, -0.000000, 0.000000, 0.000001, 0.000001, 0.000000, 0.000005, 0.000007, 0.000009, 0.000000, 0.000000, 0.000013, 0.000009, 0.000027, 0.000003, 0.000004, 0.000005, 0.000004, 0.000012, -0.000004, -0.000003, -0.000010, -0.000018, -0.000038, -0.000032, -0.000050, -0.000069, -0.000093, -0.000103, -0.000083, -0.000096, -0.000079, -0.000095, -0.000091, -0.000047, -0.000034, -0.000054, -0.000066, -0.000052, -0.000044, -0.000033, -0.000029, -0.000000, 0.000046, 0.000060, 0.000059, 0.000080, 0.000093, 0.000077, 0.000034, 0.000033, 0.000038, 0.000027, 0.000044, 0.000042, 0.000055, 0.000042, 0.000071, 0.000111, 0.000139, 0.000137, 0.000116, 0.000168, 0.000134, 0.000099, 0.000132, 0.000020, 0.000048, 0.000116, 0.000256, 0.000826, 0.001952, 0.003673, 0.006460, 0.009585, 0.013936, 0.018887, 0.059190, 0.066257, -0.070572, -0.050805, 0.011470, -0.087659, 0.078172, 0.147580, 0.054963, 0.063497, 0.035759, 0.001798, -0.200193, -0.192807, -0.057111, -0.095604, -0.095194, 0.001180, 0.100874, 0.057552, -0.005043, 0.012796, 0.089762, 0.001936, 
2, -0.000000, 0.000000, 0.000001, 0.000001, 0.000001, 0.000002, 0.000004, -0.000002, 0.000001, 0.000010, 0.000008, 0.000005, 0.000008, 0.000028, 0.000021, -0.000008, -0.000020, -0.000001, -0.000002, -0.000013, -0.000046, -0.000034, -0.000015, -0.000029, -0.000032, -0.000063, -0.000063, -0.000059, -0.000078, -0.000087, -0.000068, -0.000088, -0.000093, -0.000066, -0.000054, -0.000034, -0.000029, -0.000002, -0.000006, -0.000001, 0.000014, 0.000036, 0.000053, 0.000068, 0.000070, 0.000057, 0.000091, 0.000103, 0.000091, 0.000071, 0.000072, 0.000062, 0.000052, 0.000035, 0.000041, 0.000065, 0.000091, 0.000126, 0.000128, 0.000184, 0.000205, 0.000233, 0.000209, 0.000137, 0.000179, 0.000107, 0.000028, 0.000093, 0.000233, 0.000644, 0.001531, 0.002985, 0.005408, 0.008385, 0.012512, 0.015799, 0.041752, 0.079000, -0.029014, -0.081281, 0.023442, -0.072311, 0.004025, 0.161764, 0.067737, 0.063697, 0.037935, 0.028128, -0.125588, -0.232722, -0.080373, -0.072774, -0.103423, -0.042943, 0.078077, 0.082474, 0.012518, -0.006363, 0.071801, 0.046498, 
4, -0.000000, -0.000000, -0.000001, -0.000002, -0.000003, 0.000000, -0.000002, -0.000003, 0.000002, 0.000004, 0.000007, -0.000006, -0.000005, -0.000002, 0.000012, -0.000010, -0.000007, 0.000013, -0.000005, -0.000021, -0.000041, -0.000029, -0.000030, -0.000048, -0.000077, -0.000071, -0.000088, -0.000078, -0.000101, -0.000125, -0.000083, -0.000081, -0.000061, -0.000062, -0.000052, -0.000041, -0.000023, -0.000026, -0.000015, -0.000002, -0.000008, 0.000013, 0.000011, 0.000050, 0.000054, 0.000067, 0.000083, 0.000081, 0.000081, 0.000084, 0.000084, 0.000048, 0.000042, 0.000021, 0.000034, 0.000070, 0.000089, 0.000105, 0.000109, 0.000181, 0.000199, 0.000162, 0.000190, 0.000158, 0.000153, 0.000137, 0.000019, 0.000076, 0.000154, 0.000440, 0.001140, 0.002412, 0.004467, 0.007347, 0.010888, 0.014391, 0.028068, 0.075388, 0.016010, -0.092574, 0.008054, -0.032366, -0.059033, 0.142400, 0.095052, 0.058297, 0.047053, 0.030607, -0.047204, -0.234343, -0.127173, -0.054212, -0.098221, -0.075610, 0.037909, 0.097276, 0.035435, -0.010634, 0.039917, 0.078412, 
6, 0.000000, 0.000000, 0.000001, 0.000003, 0.000004, 0.000008, 0.000012, 0.000019, 0.000025, 0.000023, 0.000036, 0.000049, 0.000056, 0.000054, 0.000049, 0.000058, 0.000052, 0.000049, 0.000052, 0.000038, 0.000030, 0.000039, 0.000029, 0.000013, 0.000006, -0.000006, -0.000004, -0.000011, -0.000024, -0.000033, -0.000027, -0.000009, -0.000016, -0.000021, -0.000028, -0.000010, 0.000007, 0.000017, 0.000052, 0.000052, 0.000044, 0.000058, 0.000063, 0.000091, 0.000117, 0.000128, 0.000135, 0.000113, 0.000114, 0.000122, 0.000114, 0.000082, 0.000078, 0.000100, 0.000080, 0.000085, 0.000090, 0.000134, 0.000155, 0.000172, 0.000229, 0.000225, 0.000257, 0.000216, 0.000178, 0.000205, 0.000080, 0.000112, 0.000181, 0.000345, 0.000889, 0.001959, 0.003670, 0.006360, 0.009381, 0.013370, 0.019427, 0.060641, 0.053253, -0.076515, -0.028734, 0.010439, -0.089256, 0.085347, 0.128453, 0.055205, 0.058774, 0.024184, 0.012147, -0.189146, -0.184413, -0.052840, -0.082432, -0.093817, -0.011713, 0.094621, 0.062308, -0.000747, 0.006706, 0.086335, 
8, 0.000000, 0.000000, 0.000001, 0.000002, 0.000003, 0.000008, 0.000011, 0.000012, 0.000008, 0.000009, 0.000030, 0.000035, 0.000037, 0.000046, 0.000048, 0.000051, 0.000041, 0.000032, 0.000027, 0.000021, 0.000007, 0.000011, 0.000005, -0.000019, -0.000028, -0.000031, -0.000015, -0.000023, -0.000039, -0.000046, -0.000054, -0.000049, -0.000043, -0.000047, -0.000047, -0.000033, -0.000021, -0.000010, 0.000000, 0.000004, 0.000021, 0.000040, 0.000033, 0.000056, 0.000073, 0.000067, 0.000081, 0.000084, 0.000095, 0.000089, 0.000094, 0.000099, 0.000074, 0.000059, 0.000053, 0.000075, 0.000084, 0.000095, 0.000106, 0.000146, 0.000208, 0.000201, 0.000227, 0.000207, 0.000177, 0.000220, 0.000087, 0.000050, 0.000140, 0.000235, 0.000643, 0.001478, 0.002884, 0.005227, 0.008037, 0.011972, 0.015301, 0.042678, 0.071526, -0.038048, -0.066088, 0.030598, -0.075618, 0.008986, 0.145186, 0.064520, 0.063827, 0.023606, 0.036570, -0.112434, -0.222851, -0.077030, -0.062455, -0.095673, -0.055243, 0.068871, 0.084594, 0.018076, -0.014517, 0.067323, 
10, -0.000000, -0.000000, 0.000000, 0.000001, -0.000000, -0.000001, 0.000005, 0.000007, 0.000010, 0.000005, 0.000005, 0.000022, 0.000027, 0.000017, 0.000014, 0.000028, 0.000039, 0.000034, 0.000026, 0.000016, -0.000002, 0.000001, -0.000004, -0.000003, -0.000009, -0.000027, -0.000036, -0.000056, -0.000048, -0.000061, -0.000074, -0.000075, -0.000072, -0.000069, -0.000076, -0.000056, -0.000044, -0.000030, -0.000020, -0.000017, -0.000021, 0.000011, 0.000028, 0.000031, 0.000061, 0.000045, 0.000054, 0.000063, 0.000059, 0.000083, 0.000077, 0.000056, 0.000058, 0.000058, 0.000039, 0.000035, 0.000065, 0.000101, 0.000112, 0.000112, 0.000154, 0.000178, 0.000197, 0.000218, 0.000155, 0.000165, 0.000134, 0.000008, 0.000102, 0.000176, 0.000444, 0.001137, 0.002313, 0.004257, 0.006923, 0.010325, 0.013568, 0.028235, 0.070749, 0.006847, -0.083098, 0.018535, -0.033770, -0.055443, 0.127675, 0.088383, 0.060997, 0.034146, 0.034217, -0.034420, -0.220134, -0.122793, -0.048662, -0.086865, -0.082761, 0.026599, 0.094214, 0.041836, -0.017741, 0.033174, 
12, -0.000000, -0.000000, 0.000000, 0.000000, -0.000000, -0.000002, 0.000002, 0.000009, 0.000009, 0.000016, 0.000015, 0.000017, 0.000027, 0.000031, 0.000016, 0.000012, 0.000017, 0.000012, 0.000024, 0.000019, 0.000022, 0.000017, 0.000008, 0.000012, -0.000019, -0.000033, -0.000037, -0.000047, -0.000044, -0.000054, -0.000059, -0.000060, -0.000056, -0.000056, -0.000060, -0.000063, -0.000052, -0.000025, -0.000033, -0.000017, 0.000003, 0.000015, 0.000039, 0.000055, 0.000065, 0.000054, 0.000063, 0.000069, 0.000081, 0.000081, 0.000076, 0.000080, 0.000067, 0.000075, 0.000066, 0.000065, 0.000070, 0.000067, 0.000090, 0.000111, 0.000162, 0.000190, 0.000187, 0.000232, 0.000188, 0.000155, 0.000172, 0.000048, 0.000082, 0.000150, 0.000292, 0.000797, 0.001809, 0.003409, 0.005897, 0.008810, 0.012464, 0.018982, 0.057785, 0.044526, -0.072348, -0.017349, 0.010924, -0.085045, 0.074472, 0.117857, 0.057988, 0.048651, 0.023603, 0.019871, -0.173997, -0.174822, -0.050832, -0.071929, -0.092511, -0.018747, 0.085998, 0.065292, -0.006320, -0.001571, 
14, -0.000000, -0.000000, -0.000000, -0.000002, -0.000003, -0.000002, -0.000004, -0.000009, -0.000011, -0.000007, -0.000003, -0.000010, -0.000014, -0.000008, 0.000004, 0.000004, -0.000015, -0.000021, -0.000022, -0.000026, -0.000033, -0.000041, -0.000040, -0.000035, -0.000059, -0.000076, -0.000063, -0.000053, -0.000062, -0.000091, -0.000100, -0.000090, -0.000087, -0.000095, -0.000089, -0.000086, -0.000084, -0.000071, -0.000071, -0.000047, -0.000033, -0.000035, -0.000001, 0.000010, 0.000007, 0.000024, 0.000030, 0.000031, 0.000041, 0.000049, 0.000045, 0.000059, 0.000049, 0.000025, 0.000023, 0.000045, 0.000076, 0.000044, 0.000025, 0.000042, 0.000090, 0.000143, 0.000118, 0.000134, 0.000166, 0.000133, 0.000126, 0.000049, 0.000021, 0.000087, 0.000172, 0.000532, 0.001358, 0.002681, 0.004827, 0.007445, 0.011087, 0.014457, 0.040948, 0.063554, -0.037992, -0.054012, 0.031874, -0.071661, 0.003860, 0.130723, 0.064573, 0.057210, 0.022646, 0.039036, -0.099392, -0.204677, -0.076028, -0.057410, -0.090114, -0.055623, 0.056964, 0.081885, 0.014853, -0.021286, 
16, -0.000000, -0.000000, -0.000000, -0.000001, -0.000002, -0.000001, 0.000002, 0.000003, 0.000004, 0.000006, 0.000008, 0.000004, -0.000003, 0.000012, 0.000030, 0.000012, 0.000004, 0.000027, 0.000023, -0.000004, -0.000012, -0.000006, 0.000001, -0.000018, -0.000037, -0.000033, -0.000035, -0.000045, -0.000052, -0.000064, -0.000076, -0.000080, -0.000084, -0.000080, -0.000079, -0.000079, -0.000072, -0.000060, -0.000052, -0.000036, -0.000012, -0.000020, -0.000007, 0.000013, 0.000018, 0.000033, 0.000034, 0.000041, 0.000049, 0.000047, 0.000050, 0.000075, 0.000063, 0.000035, 0.000032, 0.000027, 0.000030, 0.000050, 0.000072, 0.000083, 0.000111, 0.000148, 0.000142, 0.000141, 0.000187, 0.000153, 0.000128, 0.000101, 0.000019, 0.000082, 0.000134, 0.000380, 0.001016, 0.002100, 0.003906, 0.006345, 0.009558, 0.012557, 0.027032, 0.064162, 0.003308, -0.071776, 0.021652, -0.031542, -0.053729, 0.112543, 0.083430, 0.056915, 0.033016, 0.034133, -0.027965, -0.196653, -0.116343, -0.048966, -0.080908, -0.075487, 0.016792, 0.085126, 0.037747, -0.022423, 
18, -0.000000, -0.000000, -0.000000, 0.000001, 0.000001, 0.000001, 0.000002, 0.000007, 0.000013, 0.000012, 0.000015, 0.000023, 0.000024, 0.000026, 0.000012, 0.000029, 0.000044, 0.000026, 0.000026, 0.000029, 0.000034, 0.000024, 0.000006, -0.000001, -0.000012, -0.000016, -0.000021, -0.000027, -0.000031, -0.000049, -0.000061, -0.000062, -0.000058, -0.000074, -0.000090, -0.000070, -0.000050, -0.000047, -0.000035, -0.000030, -0.000016, 0.000004, -0.000011, 0.000011, 0.000048, 0.000063, 0.000047, 0.000034, 0.000070, 0.000093, 0.000094, 0.000078, 0.000058, 0.000051, 0.000070, 0.000061, 0.000028, 0.000047, 0.000085, 0.000102, 0.000084, 0.000118, 0.000174, 0.000179, 0.000181, 0.000147, 0.000143, 0.000175, 0.000065, 0.000063, 0.000104, 0.000251, 0.000728, 0.001622, 0.003078, 0.005310, 0.007998, 0.011348, 0.017616, 0.051940, 0.040134, -0.061723, -0.013723, 0.012103, -0.078574, 0.059020, 0.107806, 0.055093, 0.048382, 0.023291, 0.021743, -0.146011, -0.162047, -0.054931, -0.068275, -0.081173, -0.025781, 0.069971, 0.059691, -0.008168, 
20, -0.000000, -0.000000, -0.000001, -0.000000, -0.000000, 0.000001, -0.000000, -0.000004, -0.000001, 0.000003, 0.000003, 0.000012, 0.000023, 0.000021, 0.000022, 0.000014, 0.000023, 0.000039, 0.000028, -0.000000, -0.000005, 0.000008, 0.000003, 0.000005, -0.000005, -0.000010, -0.000020, -0.000026, -0.000033, -0.000053, -0.000060, -0.000049, -0.000062, -0.000079, -0.000065, -0.000079, -0.000070, -0.000055, -0.000043, -0.000029, -0.000016, -0.000006, -0.000001, 0.000011, 0.000003, 0.000025, 0.000053, 0.000074, 0.000063, 0.000068, 0.000085, 0.000076, 0.000084, 0.000079, 0.000067, 0.000076, 0.000073, 0.000048, 0.000059, 0.000095, 0.000112, 0.000124, 0.000164, 0.000160, 0.000185, 0.000186, 0.000117, 0.000150, 0.000091, 0.000048, 0.000099, 0.000171, 0.000515, 0.001241, 0.002391, 0.004342, 0.006744, 0.010022, 0.013248, 0.036325, 0.057134, -0.029522, -0.047530, 0.029644, -0.061189, -0.005652, 0.114427, 0.061653, 0.056381, 0.023697, 0.034987, -0.074964, -0.181819, -0.080399, -0.057000, -0.076242, -0.055027, 0.038261, 0.070808, 0.013795, 
22, -0.000000, -0.000000, -0.000001, -0.000002, -0.000002, -0.000001, -0.000004, -0.000001, 0.000003, 0.000004, 0.000002, 0.000003, 0.000023, 0.000023, 0.000005, 0.000006, 0.000021, 0.000010, -0.000012, -0.000013, -0.000001, 0.000004, -0.000017, -0.000036, -0.000030, -0.000029, -0.000032, -0.000041, -0.000050, -0.000053, -0.000062, -0.000062, -0.000073, -0.000076, -0.000073, -0.000073, -0.000071, -0.000069, -0.000055, -0.000046, -0.000033, -0.000027, -0.000025, -0.000015, 0.000001, 0.000003, 0.000010, 0.000015, 0.000024, 0.000046, 0.000053, 0.000053, 0.000028, 0.000026, 0.000037, 0.000041, 0.000033, 0.000022, 0.000048, 0.000070, 0.000067, 0.000058, 0.000118, 0.000163, 0.000152, 0.000150, 0.000118, 0.000137, 0.000118, 0.000028, 0.000074, 0.000124, 0.000327, 0.000860, 0.001795, 0.003399, 0.005642, 0.008510, 0.011357, 0.023199, 0.056318, 0.010279, -0.061940, 0.015026, -0.019899, -0.055340, 0.090196, 0.079757, 0.055694, 0.036124, 0.026771, -0.010992, -0.163530, -0.119468, -0.051663, -0.066685, -0.069058, -0.001067, 0.067865, 0.035156, 
24, -0.000000, -0.000000, 0.000000, -0.000001, -0.000001, 0.000001, 0.000004, 0.000005, 0.000002, 0.000001, 0.000005, -0.000005, -0.000016, -0.000010, -0.000007, -0.000002, -0.000002, 0.000000, 0.000008, 0.000003, -0.000026, -0.000039, -0.000029, -0.000036, -0.000045, -0.000047, -0.000040, -0.000031, -0.000049, -0.000045, -0.000043, -0.000057, -0.000055, -0.000081, -0.000088, -0.000082, -0.000093, -0.000094, -0.000064, -0.000052, -0.000057, -0.000033, -0.000031, -0.000027, -0.000012, 0.000003, 0.000013, 0.000036, 0.000054, 0.000048, 0.000048, 0.000070, 0.000084, 0.000073, 0.000058, 0.000041, 0.000053, 0.000060, 0.000048, 0.000037, 0.000068, 0.000103, 0.000122, 0.000133, 0.000129, 0.000181, 0.000160, 0.000110, 0.000118, 0.000045, 0.000042, 0.000071, 0.000195, 0.000611, 0.001383, 0.002632, 0.004611, 0.007050, 0.010107, 0.015290, 0.044117, 0.040167, -0.047806, -0.018185, 0.015142, -0.066967, 0.037609, 0.096767, 0.055044, 0.049809, 0.019179, 0.024414, -0.109828, -0.153082, -0.061076, -0.057723, -0.070915, -0.034084, 0.048075, 0.050623, 
26, -0.000000, -0.000000, -0.000000, -0.000000, -0.000002, -0.000003, 0.000001, 0.000005, 0.000009, 0.000004, 0.000005, 0.000015, 0.000013, 0.000024, 0.000035, 0.000027, 0.000023, 0.000019, 0.000032, 0.000037, 0.000012, -0.000001, -0.000007, -0.000008, -0.000011, -0.000015, -0.000011, -0.000005, -0.000025, -0.000041, -0.000034, -0.000041, -0.000046, -0.000066, -0.000070, -0.000074, -0.000079, -0.000079, -0.000078, -0.000047, -0.000051, -0.000037, -0.000024, -0.000020, 0.000007, 0.000015, 0.000027, 0.000031, 0.000041, 0.000063, 0.000075, 0.000078, 0.000089, 0.000097, 0.000087, 0.000073, 0.000055, 0.000046, 0.000055, 0.000049, 0.000046, 0.000081, 0.000098, 0.000116, 0.000122, 0.000145, 0.000162, 0.000119, 0.000139, 0.000092, 0.000043, 0.000076, 0.000129, 0.000427, 0.001028, 0.002011, 0.003703, 0.005853, 0.008766, 0.011599, 0.029528, 0.052212, -0.014761, -0.046152, 0.023553, -0.043097, -0.019640, 0.093887, 0.062387, 0.056059, 0.023610, 0.029461, -0.042696, -0.158726, -0.088096, -0.050796, -0.066252, -0.054922, 0.015808, 0.054514, 
28, -0.000000, -0.000000, -0.000001, -0.000001, -0.000002, -0.000004, -0.000008, -0.000009, -0.000003, -0.000001, 0.000001, 0.000008, 0.000013, 0.000004, 0.000006, 0.000006, -0.000005, 0.000005, 0.000013, 0.000003, -0.000006, -0.000009, -0.000006, -0.000013, -0.000026, -0.000029, -0.000045, -0.000040, -0.000032, -0.000059, -0.000074, -0.000079, -0.000072, -0.000070, -0.000086, -0.000093, -0.000099, -0.000078, -0.000065, -0.000070, -0.000049, -0.000034, -0.000024, -0.000029, -0.000030, -0.000006, 0.000008, 0.000011, 0.000028, 0.000047, 0.000054, 0.000051, 0.000046, 0.000063, 0.000059, 0.000036, 0.000041, 0.000034, 0.000023, 0.000038, 0.000051, 0.000075, 0.000094, 0.000111, 0.000125, 0.000128, 0.000161, 0.000144, 0.000119, 0.000104, 0.000026, 0.000030, 0.000069, 0.000245, 0.000715, 0.001534, 0.002859, 0.004797, 0.007323, 0.010035, 0.018626, 0.047682, 0.019898, -0.051055, 0.003601, -0.005248, -0.053672, 0.062297, 0.077378, 0.054497, 0.037411, 0.020353, 0.007310, -0.127253, -0.120764, -0.051763, -0.058981, -0.061611, -0.017884, 0.042853, 
30, -0.000000, -0.000000, -0.000001, -0.000002, -0.000005, -0.000005, -0.000003, -0.000001, -0.000006, -0.000008, -0.000001, -0.000002, 0.000008, 0.000007, 0.000012, 0.000004, -0.000002, 0.000009, 0.000014, -0.000002, -0.000019, -0.000007, -0.000004, -0.000019, -0.000037, -0.000038, -0.000031, -0.000030, -0.000039, -0.000048, -0.000060, -0.000058, -0.000075, -0.000103, -0.000099, -0.000092, -0.000094, -0.000090, -0.000083, -0.000072, -0.000048, -0.000048, -0.000038, -0.000025, -0.000022, -0.000009, -0.000011, 0.000004, 0.000022, 0.000036, 0.000042, 0.000046, 0.000059, 0.000062, 0.000043, 0.000024, 0.000033, 0.000031, 0.000026, 0.000041, 0.000049, 0.000057, 0.000071, 0.000092, 0.000119, 0.000118, 0.000138, 0.000142, 0.000109, 0.000115, 0.000050, 0.000033, 0.000078, 0.000169, 0.000492, 0.001119, 0.002161, 0.003882, 0.005993, 0.008770, 0.012585, 0.035010, 0.041913, -0.030809, -0.026558, 0.018547, -0.050979, 0.011602, 0.085201, 0.054891, 0.049148, 0.017446, 0.027616, -0.070140, -0.140151, -0.066678, -0.052058, -0.060129, -0.042380, 0.018240, 
32, -0.000000, -0.000000, -0.000000, -0.000001, -0.000003, -0.000004, -0.000001, 0.000003, 0.000001, 0.000001, -0.000002, -0.000006, -0.000000, 0.000005, 0.000011, 0.000020, 0.000010, 0.000010, 0.000027, 0.000021, 0.000013, 0.000004, 0.000002, 0.000002, -0.000005, -0.000010, -0.000008, -0.000017, -0.000026, -0.000039, -0.000051, -0.000050, -0.000068, -0.000070, -0.000059, -0.000070, -0.000078, -0.000060, -0.000058, -0.000069, -0.000044, -0.000037, -0.000035, -0.000019, -0.000015, -0.000004, 0.000009, 0.000017, 0.000024, 0.000040, 0.000056, 0.000052, 0.000060, 0.000070, 0.000055, 0.000058, 0.000062, 0.000048, 0.000033, 0.000050, 0.000051, 0.000055, 0.000088, 0.000097, 0.000126, 0.000135, 0.000138, 0.000138, 0.000109, 0.000129, 0.000106, 0.000054, 0.000091, 0.000136, 0.000341, 0.000821, 0.001625, 0.003028, 0.004927, 0.007451, 0.009959, 0.022197, 0.046332, 0.002368, -0.044379, 0.014096, -0.021061, -0.033443, 0.070362, 0.063736, 0.051959, 0.027042, 0.024746, -0.012553, -0.129082, -0.094378, -0.048659, -0.055421, -0.053671, -0.012049, 
34, -0.000000, -0.000000, -0.000001, -0.000002, -0.000002, -0.000002, -0.000002, -0.000002, 0.000003, 0.000011, 0.000005, 0.000010, 0.000010, 0.000014, 0.000015, 0.000019, 0.000032, 0.000033, 0.000042, 0.000024, 0.000011, 0.000018, 0.000019, 0.000020, 0.000010, -0.000009, -0.000019, -0.000012, -0.000018, -0.000025, -0.000030, -0.000039, -0.000054, -0.000053, -0.000056, -0.000068, -0.000076, -0.000070, -0.000064, -0.000068, -0.000046, -0.000034, -0.000034, -0.000027, -0.000030, -0.000013, 0.000013, 0.000009, 0.000025, 0.000038, 0.000048, 0.000059, 0.000064, 0.000079, 0.000068, 0.000071, 0.000063, 0.000040, 0.000042, 0.000054, 0.000056, 0.000065, 0.000081, 0.000085, 0.000115, 0.000136, 0.000135, 0.000147, 0.000126, 0.000090, 0.000101, 0.000060, 0.000061, 0.000096, 0.000210, 0.000545, 0.001193, 0.002303, 0.003961, 0.006071, 0.008644, 0.014034, 0.037897, 0.029763, -0.037475, -0.010508, 0.008998, -0.048084, 0.032105, 0.074179, 0.050362, 0.040177, 0.017833, 0.020613, -0.086724, -0.119082, -0.054932, -0.049735, -0.055013, -0.036714, 
36, 0.000000, 0.000000, -0.000000, -0.000000, -0.000000, 0.000001, 0.000006, 0.000008, 0.000004, 0.000008, 0.000016, 0.000018, 0.000032, 0.000036, 0.000035, 0.000043, 0.000037, 0.000034, 0.000042, 0.000046, 0.000053, 0.000053, 0.000043, 0.000025, 0.000019, 0.000025, 0.000012, -0.000005, -0.000014, -0.000001, -0.000005, -0.000021, -0.000027, -0.000042, -0.000043, -0.000054, -0.000048, -0.000049, -0.000050, -0.000038, -0.000030, -0.000031, -0.000026, 0.000009, 0.000016, 0.000015, 0.000023, 0.000039, 0.000051, 0.000050, 0.000052, 0.000074, 0.000098, 0.000087, 0.000074, 0.000059, 0.000062, 0.000067, 0.000076, 0.000066, 0.000061, 0.000074, 0.000079, 0.000081, 0.000093, 0.000137, 0.000134, 0.000139, 0.000152, 0.000123, 0.000133, 0.000098, 0.000065, 0.000100, 0.000157, 0.000373, 0.000884, 0.001740, 0.003131, 0.004934, 0.007404, 0.010137, 0.025708, 0.041612, -0.011884, -0.033369, 0.017560, -0.031405, -0.011999, 0.070768, 0.053527, 0.046915, 0.020541, 0.027027, -0.032167, -0.121800, -0.073616, -0.045282, -0.052144, -0.051101, 
38, -0.000000, -0.000000, -0.000001, -0.000002, -0.000003, -0.000006, -0.000009, -0.000002, -0.000001, -0.000002, -0.000001, -0.000005, -0.000002, 0.000002, -0.000002, -0.000003, 0.000016, 0.000015, 0.000018, 0.000024, 0.000016, 0.000016, 0.000008, 0.000008, 0.000005, -0.000012, -0.000022, -0.000022, -0.000027, -0.000036, -0.000039, -0.000039, -0.000050, -0.000065, -0.000072, -0.000075, -0.000073, -0.000068, -0.000069, -0.000078, -0.000065, -0.000047, -0.000053, -0.000045, -0.000026, -0.000018, 0.000005, 0.000011, -0.000004, 0.000020, 0.000043, 0.000042, 0.000046, 0.000057, 0.000062, 0.000057, 0.000048, 0.000037, 0.000035, 0.000046, 0.000035, 0.000018, 0.000044, 0.000070, 0.000071, 0.000093, 0.000117, 0.000116, 0.000129, 0.000122, 0.000118, 0.000099, 0.000044, 0.000074, 0.000112, 0.000231, 0.000570, 0.001228, 0.002357, 0.003974, 0.006057, 0.008353, 0.015515, 0.038299, 0.018490, -0.037407, 0.000349, -0.000597, -0.039365, 0.043117, 0.063319, 0.046395, 0.032846, 0.020280, 0.010607, -0.091995, -0.098649, -0.047676, -0.047823, -0.054828, 
40, -0.000000, 0.000000, 0.000000, -0.000001, -0.000003, -0.000001, 0.000003, -0.000001, -0.000002, 0.000002, 0.000008, 0.000013, 0.000021, 0.000012, 0.000021, 0.000031, 0.000023, 0.000020, 0.000021, 0.000027, 0.000033, 0.000037, 0.000030, 0.000019, 0.000013, 0.000028, 0.000015, -0.000002, -0.000001, -0.000004, -0.000003, -0.000018, -0.000037, -0.000035, -0.000031, -0.000047, -0.000059, -0.000054, -0.000041, -0.000028, -0.000034, -0.000046, -0.000029, -0.000024, -0.000024, -0.000018, -0.000005, 0.000019, 0.000031, 0.000043, 0.000036, 0.000063, 0.000084, 0.000082, 0.000073, 0.000050, 0.000067, 0.000071, 0.000068, 0.000052, 0.000052, 0.000075, 0.000081, 0.000083, 0.000101, 0.000116, 0.000122, 0.000117, 0.000133, 0.000153, 0.000118, 0.000128, 0.000074, 0.000056, 0.000098, 0.000162, 0.000422, 0.000916, 0.001755, 0.003120, 0.004908, 0.007241, 0.010479, 0.027815, 0.034885, -0.019617, -0.022070, 0.014858, -0.034318, 0.004513, 0.064755, 0.046503, 0.041839, 0.018993, 0.024708, -0.044613, -0.106942, -0.060233, -0.044106, -0.052652, 
42, 0.000000, 0.000000, 0.000001, 0.000002, 0.000003, 0.000010, 0.000012, 0.000011, 0.000013, 0.000024, 0.000031, 0.000033, 0.000048, 0.000063, 0.000070, 0.000071, 0.000071, 0.000067, 0.000073, 0.000071, 0.000081, 0.000099, 0.000090, 0.000078, 0.000086, 0.000099, 0.000091, 0.000071, 0.000072, 0.000082, 0.000069, 0.000057, 0.000035, 0.000025, 0.000032, 0.000009, -0.000005, 0.000010, 0.000015, 0.000002, 0.000008, 0.000013, 0.000022, 0.000035, 0.000039, 0.000040, 0.000050, 0.000065, 0.000064, 0.000064, 0.000077, 0.000095, 0.000101, 0.000107, 0.000098, 0.000107, 0.000106, 0.000095, 0.000094, 0.000094, 0.000102, 0.000090, 0.000090, 0.000079, 0.000109, 0.000117, 0.000116, 0.000135, 0.000146, 0.000169, 0.000118, 0.000131, 0.000131, 0.000078, 0.000100, 0.000144, 0.000304, 0.000677, 0.001320, 0.002390, 0.003938, 0.006026, 0.008193, 0.017162, 0.036948, 0.007914, -0.033512, 0.008121, -0.009351, -0.027812, 0.048610, 0.052178, 0.043566, 0.027612, 0.021302, 0.000401, -0.089998, -0.079722, -0.043244, -0.049194, 
44, -0.000000, -0.000000, -0.000000, -0.000000, -0.000000, -0.000001, 0.000002, 0.000005, 0.000003, 0.000003, 0.000007, 0.000013, 0.000016, 0.000011, 0.000017, 0.000023, 0.000025, 0.000036, 0.000039, 0.000043, 0.000049, 0.000035, 0.000022, 0.000022, 0.000020, 0.000016, 0.000025, 0.000030, 0.000018, 0.000001, -0.000006, -0.000002, -0.000005, -0.000017, -0.000019, -0.000020, -0.000036, -0.000050, -0.000045, -0.000033, -0.000019, -0.000013, -0.000026, -0.000023, -0.000005, 0.000004, -0.000011, -0.000009, 0.000022, 0.000024, 0.000024, 0.000039, 0.000065, 0.000083, 0.000082, 0.000064, 0.000059, 0.000078, 0.000075, 0.000052, 0.000049, 0.000059, 0.000066, 0.000079, 0.000074, 0.000079, 0.000122, 0.000141, 0.000118, 0.000139, 0.000150, 0.000119, 0.000096, 0.000071, 0.000103, 0.000136, 0.000210, 0.000435, 0.000926, 0.001784, 0.003130, 0.004838, 0.006952, 0.010985, 0.028857, 0.027221, -0.023554, -0.011510, 0.010219, -0.032859, 0.016805, 0.056112, 0.042042, 0.037336, 0.017616, 0.021075, -0.051582, -0.091264, -0.049833, -0.045307, }
right {
316, 0.000000, 0.000000, 0.000001, 0.000002, 0.000003, 0.000004, 0.000004, 0.000006, 0.000007, 0.000005, 0.000001, -0.000005, -0.000004, -0.000006, -0.000013, -0.000008, 0.000002, 0.000008, 0.000010, 0.000005, 0.000011, 0.000020, 0.000010, -0.000009, -0.000002, 0.000020, 0.000036, 0.000037, 0.000028, 0.000033, 0.000027, 0.000030, 0.000036, 0.000032, 0.000019, 0.000004, 0.000010, 0.000015, 0.000009, 0.000010, 0.000012, 0.000018, 0.000020, -0.000002, -0.000014, -0.000021, -0.000030, -0.000042, -0.000052, -0.000043, -0.000031, -0.000024, -0.000028, -0.000037, -0.000028, -0.000015, -0.000023, -0.000011, -0.000007, -0.000003, 0.000004, 0.000000, 0.000011, 0.000023, 0.000033, 0.000031, 0.000041, 0.000045, 0.000055, 0.000061, 0.000049, 0.000042, 0.000047, 0.000065, 0.000061, 0.000083, 0.000110, 0.000106, 0.000124, 0.000121, 0.000107, 0.000115, 0.000071, 0.000047, 0.000059, 0.000086, 0.000179, 0.000380, 0.000767, 0.001434, 0.002324, 0.003532, 0.005215, 0.011348, 0.017815, 0.005586, -0.006280, -0.004567, -0.007900, 0.003703, 
318, 0.000000, 0.000000, 0.000000, 0.000000, 0.000001, 0.000000, 0.000001, 0.000000, -0.000004, -0.000006, -0.000006, -0.000004, -0.000001, -0.000000, -0.000013, -0.000017, -0.000016, -0.000021, -0.000015, -0.000012, 0.000005, -0.000000, -0.000002, -0.000006, -0.000009, 0.000007, 0.000011, 0.000014, 0.000007, 0.000006, 0.000001, 0.000000, -0.000001, 0.000014, 0.000018, 0.000006, 0.000010, 0.000012, 0.000008, -0.000001, -0.000001, -0.000012, -0.000018, -0.000034, -0.000041, -0.000026, -0.000024, -0.000028, -0.000027, -0.000023, -0.000028, -0.000020, -0.000033, -0.000033, -0.000021, -0.000023, -0.000025, -0.000023, -0.000010, -0.000001, 0.000011, 0.000012, 0.000013, 0.000015, 0.000021, 0.000026, 0.000035, 0.000044, 0.000038, 0.000036, 0.000047, 0.000057, 0.000054, 0.000070, 0.000057, 0.000071, 0.000102, 0.000106, 0.000132, 0.000117, 0.000113, 0.000109, 0.000068, 0.000045, 0.000063, 0.000141, 0.000288, 0.000574, 0.001099, 0.001927, 0.003037, 0.004372, 0.007962, 0.016889, 0.013465, -0.003777, -0.005231, -0.007195, -0.004013, 0.013579, 
320, -0.000000, -0.000000, -0.000000, -0.000001, -0.000003, -0.000005, -0.000005, -0.000003, -0.000005, -0.000008, -0.000017, -0.000028, -0.000037, -0.000049, -0.000052, -0.000039, -0.000040, -0.000037, -0.000039, -0.000046, -0.000039, -0.000049, -0.000049, -0.000058, -0.000057, -0.000045, -0.000032, -0.000027, -0.000021, -0.000010, -0.000011, -0.000001, -0.000014, -0.000013, -0.000017, -0.000022, -0.000027, -0.000033, -0.000024, -0.000029, -0.000031, -0.000041, -0.000039, -0.000048, -0.000051, -0.000052, -0.000055, -0.000053, -0.000068, -0.000073, -0.000079, -0.000071, -0.000063, -0.000059, -0.000057, -0.000050, -0.000038, -0.000025, -0.000017, -0.000017, -0.000011, -0.000005, -0.000000, -0.000005, 0.000007, 0.000009, 0.000012, 0.000028, 0.000032, 0.000036, 0.000030, 0.000037, 0.000058, 0.000072, 0.000064, 0.000068, 0.000083, 0.000099, 0.000116, 0.000099, 0.000095, 0.000085, 0.000055, 0.000027, 0.000062, 0.000196, 0.000418, 0.000824, 0.001554, 0.002559, 0.003853, 0.005727, 0.013088, 0.018612, 0.003059, -0.006944, -0.004908, -0.009014, 0.006480, 0.019232, 
322, 0.000000, 0.000000, 0.000001, 0.000001, 0.000002, 0.000000, -0.000001, 0.000000, -0.000001, 0.000002, -0.000004, -0.000002, -0.000008, -0.000009, -0.000017, -0.000017, -0.000012, -0.000021, -0.000019, -0.000026, -0.000009, -0.000002, 0.000001, -0.000002, -0.000000, 0.000011, 0.000014, 0.000004, -0.000007, 0.000006, -0.000003, 0.000002, -0.000005, -0.000010, 0.000011, 0.000009, 0.000011, 0.000004, -0.000002, -0.000012, -0.000017, -0.000023, -0.000036, -0.000045, -0.000046, -0.000044, -0.000044, -0.000035, -0.000041, -0.000028, -0.000024, -0.000026, -0.000030, -0.000036, -0.000023, -0.000018, -0.000012, -0.000013, -0.000001, 0.000007, 0.000013, 0.000017, 0.000023, 0.000031, 0.000032, 0.000034, 0.000020, 0.000021, 0.000035, 0.000030, 0.000029, 0.000041, 0.000045, 0.000067, 0.000070, 0.000079, 0.000106, 0.000119, 0.000130, 0.000112, 0.000099, 0.000098, 0.000069, 0.000055, 0.000153, 0.000330, 0.000654, 0.001245, 0.002134, 0.003388, 0.004785, 0.009153, 0.018885, 0.011984, -0.006377, -0.004641, -0.008289, -0.002994, 0.016859, 0.023546, 
324, -0.000000, -0.000000, -0.000000, -0.000000, -0.000001, -0.000004, -0.000004, -0.000004, -0.000011, -0.000019, -0.000024, -0.000030, -0.000034, -0.000039, -0.000040, -0.000038, -0.000042, -0.000035, -0.000041, -0.000036, -0.000022, -0.000027, -0.000027, -0.000021, -0.000014, -0.000006, -0.000005, -0.000014, -0.000013, -0.000006, 0.000002, 0.000001, -0.000008, -0.000010, -0.000006, -0.000018, -0.000026, -0.000024, -0.000022, -0.000022, -0.000022, -0.000023, -0.000040, -0.000048, -0.000052, -0.000046, -0.000054, -0.000059, -0.000054, -0.000051, -0.000040, -0.000050, -0.000038, -0.000032, -0.000021, -0.000021, -0.000028, -0.000019, -0.000012, 0.000001, -0.000002, 0.000007, 0.000010, 0.000027, 0.000040, 0.000042, 0.000039, 0.000036, 0.000042, 0.000035, 0.000045, 0.000054, 0.000069, 0.000086, 0.000083, 0.000081, 0.000110, 0.000120, 0.000116, 0.000113, 0.000082, 0.000088, 0.000064, 0.000070, 0.000211, 0.000491, 0.000951, 0.001740, 0.002847, 0.004265, 0.006488, 0.015160, 0.019236, -0.000037, -0.007977, -0.004999, -0.009431, 0.009335, 0.022054, 0.031826, 
326, 0.000000, 0.000000, 0.000000, 0.000001, 0.000002, 0.000003, 0.000004, 0.000005, 0.000004, 0.000002, 0.000003, -0.000002, -0.000011, -0.000022, -0.000023, -0.000015, -0.000007, 0.000004, 0.000010, 0.000010, -0.000001, -0.000004, 0.000001, 0.000005, -0.000002, 0.000006, 0.000013, 0.000019, 0.000026, 0.000012, 0.000012, 0.000008, 0.000009, 0.000005, -0.000002, -0.000001, -0.000004, -0.000004, -0.000005, -0.000003, -0.000010, -0.000012, -0.000024, -0.000034, -0.000042, -0.000036, -0.000034, -0.000045, -0.000037, -0.000031, -0.000018, -0.000018, -0.000010, -0.000011, -0.000011, 0.000000, 0.000004, 0.000015, 0.000011, 0.000022, 0.000031, 0.000037, 0.000044, 0.000051, 0.000054, 0.000055, 0.000053, 0.000049, 0.000054, 0.000046, 0.000056, 0.000068, 0.000080, 0.000095, 0.000094, 0.000097, 0.000118, 0.000127, 0.000130, 0.000123, 0.000100, 0.000108, 0.000094, 0.000148, 0.000370, 0.000764, 0.001416, 0.002377, 0.003733, 0.005261, 0.010394, 0.020792, 0.011267, -0.008837, -0.005518, -0.008990, -0.002204, 0.019604, 0.027184, 0.039765, 
328, -0.000000, 0.000000, -0.000000, -0.000000, -0.000003, -0.000005, -0.000008, -0.000009, -0.000009, -0.000013, -0.000016, -0.000023, -0.000029, -0.000031, -0.000032, -0.000028, -0.000029, -0.000031, -0.000028, -0.000032, -0.000025, -0.000014, -0.000013, -0.000012, -0.000008, -0.000010, -0.000007, -0.000008, -0.000011, -0.000006, -0.000011, -0.000010, -0.000022, -0.000028, -0.000034, -0.000039, -0.000035, -0.000037, -0.000033, -0.000029, -0.000042, -0.000057, -0.000057, -0.000063, -0.000059, -0.000068, -0.000071, -0.000064, -0.000058, -0.000050, -0.000049, -0.000045, -0.000045, -0.000031, -0.000028, -0.000026, -0.000024, -0.000020, -0.000016, -0.000017, -0.000007, -0.000006, 0.000007, 0.000015, 0.000014, 0.000008, 0.000005, 0.000014, 0.000017, 0.000026, 0.000028, 0.000039, 0.000054, 0.000070, 0.000077, 0.000079, 0.000103, 0.000098, 0.000092, 0.000076, 0.000061, 0.000073, 0.000110, 0.000240, 0.000562, 0.001101, 0.001948, 0.003124, 0.004647, 0.007174, 0.017048, 0.020366, -0.002343, -0.009979, -0.005769, -0.009468, 0.011612, 0.025107, 0.035609, 0.039158, 
330, 0.000000, 0.000000, 0.000000, -0.000001, -0.000001, -0.000004, -0.000006, -0.000008, -0.000010, -0.000009, -0.000009, -0.000005, 0.000002, -0.000003, -0.000010, -0.000008, -0.000004, -0.000008, -0.000006, -0.000005, -0.000007, 0.000002, 0.000007, 0.000016, 0.000006, -0.000003, -0.000005, 0.000000, 0.000007, -0.000004, -0.000004, -0.000011, -0.000011, -0.000006, 0.000001, -0.000002, -0.000012, -0.000016, -0.000019, -0.000018, -0.000019, -0.000018, -0.000021, -0.000028, -0.000038, -0.000043, -0.000055, -0.000052, -0.000040, -0.000040, -0.000031, -0.000014, 0.000006, 0.000015, 0.000020, 0.000011, 0.000013, 0.000018, 0.000018, 0.000025, 0.000030, 0.000039, 0.000041, 0.000048, 0.000039, 0.000033, 0.000031, 0.000026, 0.000028, 0.000025, 0.000047, 0.000064, 0.000089, 0.000107, 0.000116, 0.000119, 0.000115, 0.000118, 0.000094, 0.000093, 0.000099, 0.000112, 0.000190, 0.000412, 0.000854, 0.001599, 0.002656, 0.004102, 0.005740, 0.011768, 0.022917, 0.010196, -0.011686, -0.006712, -0.009889, -0.000149, 0.022528, 0.030560, 0.042974, 0.028762, 
332, 0.000000, 0.000000, 0.000000, 0.000000, 0.000001, -0.000000, 0.000002, 0.000003, 0.000001, 0.000003, 0.000002, 0.000004, 0.000009, 0.000005, -0.000002, 0.000004, 0.000008, 0.000011, 0.000012, 0.000012, 0.000013, 0.000013, 0.000012, 0.000016, 0.000020, 0.000019, 0.000023, 0.000011, 0.000005, 0.000005, 0.000007, 0.000002, -0.000007, -0.000013, -0.000013, -0.000001, 0.000001, -0.000006, -0.000017, -0.000019, -0.000024, -0.000024, -0.000026, -0.000036, -0.000044, -0.000038, -0.000036, -0.000038, -0.000023, -0.000024, -0.000016, -0.000006, -0.000004, -0.000000, -0.000003, -0.000005, 0.000001, 0.000002, 0.000008, 0.000029, 0.000040, 0.000042, 0.000050, 0.000059, 0.000053, 0.000043, 0.000031, 0.000030, 0.000041, 0.000049, 0.000062, 0.000087, 0.000101, 0.000110, 0.000131, 0.000119, 0.000121, 0.000129, 0.000099, 0.000108, 0.000109, 0.000144, 0.000293, 0.000636, 0.001243, 0.002194, 0.003477, 0.005093, 0.007918, 0.018980, 0.021531, -0.004541, -0.012035, -0.007141, -0.009535, 0.014608, 0.028005, 0.039701, 0.040771, 0.015165, 
334, 0.000000, 0.000000, -0.000000, 0.000001, 0.000001, -0.000001, -0.000001, -0.000001, -0.000001, -0.000002, -0.000002, -0.000002, -0.000003, -0.000000, 0.000003, 0.000000, -0.000011, -0.000006, 0.000012, 0.000017, 0.000020, 0.000018, 0.000016, 0.000018, 0.000017, 0.000021, 0.000013, 0.000016, 0.000022, 0.000012, 0.000004, -0.000006, -0.000003, 0.000005, 0.000006, -0.000007, -0.000015, -0.000018, -0.000025, -0.000026, -0.000033, -0.000038, -0.000036, -0.000030, -0.000030, -0.000033, -0.000044, -0.000046, -0.000037, -0.000037, -0.000028, -0.000018, -0.000003, 0.000003, 0.000010, 0.000019, 0.000027, 0.000038, 0.000036, 0.000045, 0.000039, 0.000033, 0.000028, 0.000026, 0.000042, 0.000044, 0.000046, 0.000046, 0.000052, 0.000053, 0.000058, 0.000078, 0.000082, 0.000096, 0.000115, 0.000105, 0.000108, 0.000103, 0.000073, 0.000096, 0.000129, 0.000206, 0.000471, 0.000964, 0.001771, 0.002913, 0.004503, 0.006226, 0.012917, 0.025205, 0.010051, -0.014545, -0.008362, -0.011439, 0.001115, 0.026121, 0.033968, 0.047084, 0.028691, 0.002425, 
336, 0.000000, 0.000000, 0.000000, 0.000001, 0.000002, 0.000004, 0.000005, 0.000008, 0.000009, 0.000010, 0.000007, 0.000008, 0.000010, 0.000013, 0.000020, 0.000024, 0.000028, 0.000031, 0.000033, 0.000035, 0.000040, 0.000039, 0.000037, 0.000028, 0.000024, 0.000028, 0.000038, 0.000046, 0.000047, 0.000048, 0.000039, 0.000032, 0.000026, 0.000006, -0.000000, 0.000000, 0.000004, -0.000001, -0.000006, -0.000007, -0.000013, -0.000015, -0.000021, -0.000021, -0.000029, -0.000030, -0.000028, -0.000022, -0.000010, -0.000010, -0.000000, -0.000003, 0.000004, 0.000009, 0.000016, 0.000026, 0.000021, 0.000034, 0.000037, 0.000036, 0.000042, 0.000046, 0.000049, 0.000042, 0.000039, 0.000047, 0.000048, 0.000060, 0.000072, 0.000076, 0.000091, 0.000103, 0.000116, 0.000132, 0.000140, 0.000124, 0.000122, 0.000107, 0.000093, 0.000126, 0.000187, 0.000333, 0.000724, 0.001405, 0.002435, 0.003810, 0.005561, 0.008629, 0.020926, 0.023273, -0.006461, -0.014490, -0.008857, -0.010496, 0.017679, 0.031674, 0.044079, 0.043552, 0.013366, -0.012182, 
338, -0.000000, -0.000000, -0.000000, -0.000001, -0.000001, -0.000000, 0.000001, 0.000000, -0.000002, -0.000007, -0.000010, -0.000014, -0.000017, -0.000018, -0.000013, -0.000002, 0.000004, 0.000008, 0.000003, 0.000005, 0.000002, -0.000005, -0.000005, -0.000003, 0.000001, 0.000001, -0.000000, 0.000002, 0.000009, 0.000007, -0.000002, -0.000013, -0.000011, -0.000019, -0.000031, -0.000035, -0.000050, -0.000050, -0.000051, -0.000046, -0.000047, -0.000042, -0.000046, -0.000061, -0.000054, -0.000061, -0.000052, -0.000050, -0.000042, -0.000024, -0.000019, -0.000008, -0.000008, -0.000001, 0.000001, 0.000007, 0.000013, 0.000014, 0.000018, 0.000015, 0.000023, 0.000027, 0.000031, 0.000028, 0.000020, 0.000020, 0.000019, 0.000029, 0.000041, 0.000057, 0.000081, 0.000099, 0.000121, 0.000128, 0.000112, 0.000099, 0.000076, 0.000066, 0.000071, 0.000129, 0.000252, 0.000510, 0.001069, 0.001970, 0.003201, 0.004895, 0.006752, 0.014081, 0.027616, 0.010068, -0.017726, -0.010065, -0.013226, 0.001930, 0.030363, 0.037899, 0.051648, 0.028684, -0.001352, -0.030574, 
340, 0.000000, 0.000000, 0.000000, 0.000001, 0.000002, 0.000003, 0.000003, 0.000002, 0.000001, 0.000001, 0.000004, 0.000001, 0.000001, 0.000005, 0.000010, 0.000021, 0.000018, 0.000016, 0.000018, 0.000018, 0.000028, 0.000028, 0.000025, 0.000020, 0.000012, 0.000018, 0.000032, 0.000036, 0.000031, 0.000028, 0.000018, 0.000016, 0.000013, 0.000011, 0.000005, -0.000003, 0.000001, -0.000003, -0.000013, -0.000024, -0.000023, -0.000029, -0.000024, -0.000022, -0.000023, -0.000005, 0.000001, 0.000001, 0.000001, -0.000000, 0.000009, 0.000021, 0.000022, 0.000029, 0.000035, 0.000045, 0.000060, 0.000064, 0.000068, 0.000077, 0.000089, 0.000094, 0.000091, 0.000089, 0.000080, 0.000078, 0.000080, 0.000087, 0.000095, 0.000124, 0.000163, 0.000168, 0.000178, 0.000169, 0.000166, 0.000164, 0.000114, 0.000115, 0.000127, 0.000205, 0.000393, 0.000801, 0.001556, 0.002714, 0.004194, 0.006044, 0.009229, 0.022778, 0.025597, -0.008310, -0.017492, -0.010408, -0.012189, 0.020485, 0.035944, 0.048829, 0.047341, 0.011216, -0.016983, -0.046422, 
342, 0.000000, 0.000000, 0.000000, 0.000001, 0.000000, 0.000001, 0.000001, 0.000004, 0.000008, 0.000005, 0.000006, 0.000003, 0.000006, 0.000014, 0.000014, 0.000008, 0.000003, 0.000014, 0.000019, 0.000029, 0.000035, 0.000022, 0.000021, 0.000012, 0.000017, 0.000020, 0.000009, 0.000016, 0.000018, 0.000026, 0.000016, 0.000007, 0.000004, 0.000003, 0.000001, 0.000001, 0.000003, -0.000015, -0.000026, -0.000031, -0.000031, -0.000031, -0.000030, -0.000023, -0.000028, -0.000031, -0.000017, -0.000004, -0.000001, -0.000002, 0.000004, 0.000019, 0.000029, 0.000039, 0.000039, 0.000044, 0.000056, 0.000057, 0.000064, 0.000061, 0.000055, 0.000052, 0.000052, 0.000062, 0.000064, 0.000058, 0.000066, 0.000081, 0.000093, 0.000113, 0.000124, 0.000132, 0.000141, 0.000135, 0.000135, 0.000121, 0.000086, 0.000092, 0.000131, 0.000259, 0.000558, 0.001123, 0.002132, 0.003497, 0.005306, 0.007241, 0.014930, 0.030154, 0.011435, -0.020609, -0.012414, -0.015296, 0.001291, 0.034152, 0.042096, 0.057142, 0.030922, -0.004472, -0.036108, -0.052977, 
344, -0.000000, -0.000000, -0.000001, -0.000001, -0.000002, -0.000004, -0.000005, -0.000007, -0.000011, -0.000010, -0.000010, -0.000009, -0.000006, -0.000002, 0.000012, 0.000011, 0.000008, -0.000002, -0.000011, -0.000014, -0.000014, -0.000009, -0.000004, 0.000010, 0.000004, 0.000002, 0.000009, 0.000010, 0.000013, 0.000000, -0.000012, -0.000023, -0.000031, -0.000027, -0.000035, -0.000040, -0.000047, -0.000056, -0.000052, -0.000049, -0.000051, -0.000058, -0.000056, -0.000058, -0.000058, -0.000047, -0.000038, -0.000025, -0.000021, -0.000016, -0.000014, -0.000008, 0.000007, 0.000006, 0.000009, 0.000019, 0.000029, 0.000036, 0.000030, 0.000020, 0.000020, 0.000029, 0.000028, 0.000032, 0.000038, 0.000043, 0.000060, 0.000070, 0.000090, 0.000111, 0.000115, 0.000121, 0.000112, 0.000103, 0.000098, 0.000080, 0.000069, 0.000082, 0.000170, 0.000365, 0.000818, 0.001608, 0.002865, 0.004469, 0.006492, 0.009711, 0.024300, 0.028662, -0.009333, -0.021285, -0.012044, -0.014627, 0.022274, 0.040584, 0.053539, 0.052697, 0.010400, -0.022161, -0.053565, -0.051284, 
346, -0.000000, -0.000000, -0.000001, -0.000004, -0.000006, -0.000009, -0.000012, -0.000012, -0.000014, -0.000013, -0.000014, -0.000019, -0.000016, -0.000008, 0.000000, 0.000008, -0.000004, -0.000008, -0.000003, -0.000010, -0.000012, -0.000029, -0.000030, -0.000017, -0.000014, -0.000008, -0.000008, -0.000013, -0.000016, -0.000025, -0.000030, -0.000034, -0.000044, -0.000048, -0.000056, -0.000052, -0.000036, -0.000029, -0.000030, -0.000041, -0.000050, -0.000054, -0.000067, -0.000074, -0.000065, -0.000064, -0.000052, -0.000035, -0.000039, -0.000025, -0.000017, -0.000012, 0.000005, 0.000004, 0.000005, 0.000003, 0.000012, 0.000021, 0.000027, 0.000027, 0.000025, 0.000026, 0.000019, 0.000027, 0.000029, 0.000039, 0.000044, 0.000044, 0.000059, 0.000060, 0.000078, 0.000091, 0.000080, 0.000091, 0.000087, 0.000075, 0.000075, 0.000095, 0.000253, 0.000567, 0.001181, 0.002254, 0.003726, 0.005677, 0.007731, 0.015426, 0.032894, 0.014182, -0.024169, -0.015567, -0.017273, -0.000740, 0.038302, 0.046505, 0.063249, 0.034987, -0.007503, -0.042759, -0.060651, -0.050451, 
348, -0.000000, -0.000000, -0.000001, -0.000002, -0.000003, -0.000005, -0.000008, -0.000010, -0.000014, -0.000018, -0.000021, -0.000016, -0.000016, -0.000017, -0.000014, -0.000013, -0.000006, -0.000002, -0.000011, -0.000009, -0.000010, -0.000013, -0.000012, -0.000013, -0.000015, -0.000012, -0.000012, -0.000025, -0.000027, -0.000033, -0.000033, -0.000032, -0.000043, -0.000055, -0.000066, -0.000071, -0.000071, -0.000068, -0.000074, -0.000070, -0.000067, -0.000067, -0.000071, -0.000072, -0.000060, -0.000049, -0.000039, -0.000038, -0.000029, -0.000019, -0.000007, 0.000009, 0.000016, 0.000024, 0.000024, 0.000023, 0.000021, 0.000019, 0.000023, 0.000028, 0.000032, 0.000037, 0.000036, 0.000028, 0.000032, 0.000041, 0.000053, 0.000070, 0.000085, 0.000091, 0.000105, 0.000105, 0.000098, 0.000100, 0.000068, 0.000068, 0.000068, 0.000141, 0.000375, 0.000834, 0.001656, 0.003019, 0.004710, 0.006891, 0.009951, 0.025086, 0.032959, -0.008250, -0.026099, -0.013850, -0.017975, 0.022057, 0.045497, 0.057994, 0.060314, 0.012427, -0.025941, -0.061548, -0.058585, -0.053837, 
350, -0.000000, -0.000000, -0.000001, -0.000000, 0.000001, 0.000001, 0.000001, -0.000001, -0.000004, -0.000008, -0.000010, -0.000007, -0.000001, 0.000008, 0.000011, 0.000017, 0.000016, 0.000014, 0.000012, 0.000011, 0.000012, -0.000000, -0.000011, -0.000011, -0.000015, -0.000012, -0.000007, -0.000012, -0.000014, -0.000017, -0.000025, -0.000039, -0.000047, -0.000054, -0.000047, -0.000042, -0.000052, -0.000062, -0.000072, -0.000067, -0.000070, -0.000071, -0.000065, -0.000063, -0.000058, -0.000047, -0.000029, -0.000017, -0.000003, 0.000006, -0.000003, -0.000009, -0.000014, -0.000007, 0.000012, 0.000021, 0.000028, 0.000037, 0.000039, 0.000028, 0.000027, 0.000018, 0.000015, 0.000020, 0.000026, 0.000044, 0.000051, 0.000076, 0.000095, 0.000110, 0.000126, 0.000117, 0.000118, 0.000104, 0.000077, 0.000093, 0.000114, 0.000239, 0.000592, 0.001241, 0.002335, 0.003942, 0.005988, 0.008162, 0.015297, 0.034905, 0.019394, -0.025976, -0.019747, -0.018937, -0.005188, 0.040705, 0.050723, 0.069259, 0.042567, -0.007171, -0.047430, -0.070035, -0.056209, -0.057469, 
352, -0.000000, -0.000000, -0.000000, -0.000000, 0.000000, -0.000002, -0.000003, -0.000002, -0.000003, -0.000002, -0.000000, 0.000002, 0.000006, 0.000013, 0.000008, 0.000022, 0.000027, 0.000026, 0.000035, 0.000030, 0.000033, 0.000023, 0.000023, 0.000031, 0.000029, 0.000029, 0.000024, 0.000017, 0.000020, 0.000027, 0.000025, 0.000013, -0.000004, -0.000009, -0.000020, -0.000034, -0.000044, -0.000051, -0.000051, -0.000049, -0.000028, -0.000010, -0.000000, 0.000001, -0.000003, -0.000006, 0.000003, 0.000018, 0.000013, 0.000008, 0.000009, 0.000017, 0.000035, 0.000048, 0.000051, 0.000057, 0.000055, 0.000052, 0.000047, 0.000041, 0.000042, 0.000043, 0.000052, 0.000063, 0.000078, 0.000088, 0.000105, 0.000127, 0.000142, 0.000163, 0.000156, 0.000137, 0.000131, 0.000093, 0.000084, 0.000109, 0.000177, 0.000394, 0.000905, 0.001758, 0.003149, 0.004970, 0.007323, 0.010129, 0.025082, 0.037472, -0.004813, -0.031009, -0.016108, -0.021597, 0.019445, 0.050062, 0.061782, 0.068776, 0.017408, -0.027384, -0.069076, -0.067353, -0.058620, -0.055750, 
354, -0.000000, -0.000000, -0.000000, -0.000001, -0.000000, 0.000001, 0.000000, -0.000002, -0.000004, -0.000004, -0.000008, -0.000006, 0.000002, 0.000006, 0.000014, 0.000015, 0.000019, 0.000028, 0.000031, 0.000020, 0.000009, -0.000000, 0.000001, 0.000006, 0.000011, 0.000009, 0.000005, -0.000001, -0.000003, -0.000003, -0.000018, -0.000028, -0.000039, -0.000048, -0.000049, -0.000049, -0.000069, -0.000079, -0.000071, -0.000061, -0.000046, -0.000038, -0.000030, -0.000026, -0.000021, -0.000014, -0.000005, 0.000009, 0.000017, 0.000019, 0.000029, 0.000040, 0.000051, 0.000054, 0.000043, 0.000042, 0.000042, 0.000035, 0.000028, 0.000024, 0.000027, 0.000029, 0.000035, 0.000052, 0.000065, 0.000084, 0.000106, 0.000122, 0.000135, 0.000145, 0.000136, 0.000125, 0.000119, 0.000068, 0.000076, 0.000101, 0.000230, 0.000575, 0.001259, 0.002401, 0.004059, 0.006237, 0.008595, 0.014879, 0.036425, 0.025882, -0.026741, -0.025010, -0.020591, -0.010696, 0.042178, 0.055142, 0.075079, 0.051774, -0.005236, -0.051154, -0.080430, -0.062702, -0.063005, -0.050488, 
356, -0.000000, -0.000000, -0.000000, 0.000000, 0.000000, -0.000000, -0.000001, 0.000002, 0.000004, 0.000010, 0.000009, 0.000012, 0.000015, 0.000021, 0.000027, 0.000023, 0.000019, 0.000011, 0.000019, 0.000013, 0.000016, 0.000016, 0.000010, 0.000018, 0.000017, 0.000004, -0.000001, -0.000004, -0.000014, -0.000016, -0.000016, -0.000015, -0.000025, -0.000025, -0.000037, -0.000048, -0.000044, -0.000053, -0.000052, -0.000053, -0.000050, -0.000039, -0.000033, -0.000023, -0.000007, -0.000003, -0.000004, -0.000003, 0.000007, 0.000019, 0.000019, 0.000035, 0.000045, 0.000055, 0.000057, 0.000053, 0.000052, 0.000040, 0.000035, 0.000025, 0.000024, 0.000038, 0.000043, 0.000049, 0.000061, 0.000075, 0.000110, 0.000117, 0.000124, 0.000135, 0.000119, 0.000124, 0.000084, 0.000077, 0.000096, 0.000155, 0.000377, 0.000872, 0.001763, 0.003220, 0.005112, 0.007648, 0.010266, 0.024081, 0.042246, 0.001971, -0.036173, -0.019591, -0.025508, 0.013858, 0.054565, 0.065149, 0.078352, 0.025612, -0.026370, -0.075897, -0.078504, -0.063622, -0.062648, -0.047172, 
358, 0.000000, 0.000000, 0.000001, 0.000001, 0.000002, 0.000004, 0.000008, 0.000011, 0.000013, 0.000010, 0.000013, 0.000013, 0.000019, 0.000021, 0.000022, 0.000033, 0.000037, 0.000040, 0.000035, 0.000046, 0.000039, 0.000041, 0.000035, 0.000017, 0.000013, 0.000011, 0.000019, 0.000014, 0.000011, 0.000001, -0.000003, -0.000021, -0.000025, -0.000022, -0.000028, -0.000034, -0.000046, -0.000041, -0.000042, -0.000019, -0.000012, -0.000011, -0.000007, -0.000010, 0.000007, 0.000012, 0.000024, 0.000025, 0.000027, 0.000043, 0.000055, 0.000064, 0.000070, 0.000065, 0.000062, 0.000058, 0.000049, 0.000051, 0.000055, 0.000053, 0.000047, 0.000051, 0.000064, 0.000085, 0.000095, 0.000121, 0.000137, 0.000148, 0.000158, 0.000138, 0.000133, 0.000126, 0.000093, 0.000101, 0.000131, 0.000251, 0.000588, 0.001292, 0.002443, 0.004191, 0.006411, 0.008998, 0.014363, 0.036814, 0.033118, -0.024786, -0.030790, -0.022519, -0.017254, 0.041195, 0.059321, 0.080120, 0.062639, -0.000510, -0.052004, -0.090900, -0.070909, -0.069009, -0.056236, -0.045027, 
0, 0.000000, 0.000000, 0.000000, 0.000001, 0.000003, 0.000007, 0.000011, 0.000013, 0.000017, 0.000023, 0.000022, 0.000030, 0.000026, 0.000025, 0.000030, 0.000037, 0.000044, 0.000036, 0.000050, 0.000050, 0.000044, 0.000052, 0.000048, 0.000052, 0.000052, 0.000043, 0.000039, 0.000026, 0.000019, 0.000017, 0.000016, 0.000010, 0.000007, 0.000003, -0.000010, -0.000010, -0.000017, -0.000018, -0.000008, -0.000001, 0.000006, 0.000022, 0.000026, 0.000039, 0.000045, 0.000043, 0.000049, 0.000055, 0.000074, 0.000078, 0.000090, 0.000091, 0.000097, 0.000101, 0.000088, 0.000085, 0.000077, 0.000066, 0.000057, 0.000058, 0.000067, 0.000075, 0.000083, 0.000099, 0.000112, 0.000140, 0.000155, 0.000174, 0.000178, 0.000144, 0.000141, 0.000107, 0.000092, 0.000121, 0.000190, 0.000412, 0.000914, 0.001851, 0.003341, 0.005313, 0.007977, 0.010548, 0.023277, 0.045407, 0.008454, -0.038882, -0.023109, -0.028766, 0.008439, 0.057265, 0.068254, 0.086727, 0.033783, -0.023882, -0.080228, -0.089531, -0.069367, -0.069713, -0.050967, -0.035206, 
2, 0.000000, 0.000000, 0.000000, 0.000001, 0.000002, 0.000004, 0.000007, 0.000008, 0.000010, 0.000010, 0.000010, 0.000018, 0.000026, 0.000035, 0.000050, 0.000054, 0.000044, 0.000035, 0.000024, 0.000021, 0.000020, 0.000016, 0.000011, 0.000009, 0.000015, 0.000022, 0.000018, 0.000013, 0.000002, -0.000004, -0.000016, -0.000027, -0.000023, -0.000022, -0.000028, -0.000043, -0.000042, -0.000050, -0.000043, -0.000033, -0.000020, -0.000008, -0.000009, -0.000004, -0.000000, 0.000023, 0.000034, 0.000050, 0.000058, 0.000059, 0.000076, 0.000083, 0.000089, 0.000079, 0.000071, 0.000065, 0.000058, 0.000064, 0.000064, 0.000062, 0.000075, 0.000088, 0.000098, 0.000107, 0.000131, 0.000148, 0.000148, 0.000171, 0.000161, 0.000146, 0.000141, 0.000089, 0.000086, 0.000113, 0.000234, 0.000551, 0.001273, 0.002466, 0.004273, 0.006531, 0.009382, 0.013691, 0.036140, 0.041041, -0.020685, -0.037043, -0.023980, -0.024547, 0.038589, 0.063073, 0.083818, 0.075144, 0.005598, -0.049731, -0.100169, -0.080493, -0.074753, -0.063798, -0.049303, -0.012331, 
4, -0.000000, -0.000000, -0.000001, -0.000001, -0.000000, 0.000001, 0.000002, 0.000005, 0.000006, 0.000008, 0.000010, 0.000005, 0.000013, 0.000016, 0.000033, 0.000036, 0.000031, 0.000032, 0.000021, 0.000032, 0.000025, 0.000023, 0.000016, 0.000005, -0.000009, -0.000019, -0.000024, -0.000032, -0.000029, -0.000026, -0.000023, -0.000031, -0.000037, -0.000048, -0.000063, -0.000071, -0.000071, -0.000066, -0.000052, -0.000045, -0.000032, -0.000020, -0.000007, 0.000010, 0.000009, 0.000020, 0.000024, 0.000037, 0.000041, 0.000048, 0.000055, 0.000058, 0.000077, 0.000079, 0.000084, 0.000074, 0.000059, 0.000047, 0.000044, 0.000055, 0.000063, 0.000065, 0.000078, 0.000094, 0.000129, 0.000145, 0.000155, 0.000174, 0.000143, 0.000144, 0.000113, 0.000069, 0.000085, 0.000132, 0.000338, 0.000828, 0.001764, 0.003275, 0.005342, 0.008041, 0.010733, 0.021143, 0.047981, 0.019312, -0.041090, -0.027764, -0.031881, -0.001884, 0.059791, 0.069639, 0.095855, 0.046859, -0.018767, -0.080610, -0.103365, -0.075470, -0.078066, -0.056525, -0.042953, 0.018405, 
6, -0.000000, -0.000000, -0.000001, -0.000001, -0.000000, -0.000001, 0.000000, 0.000001, -0.000001, -0.000004, -0.000004, -0.000005, -0.000001, 0.000001, 0.000003, 0.000015, 0.000006, -0.000000, 0.000002, -0.000005, -0.000005, -0.000007, -0.000016, -0.000025, -0.000025, -0.000023, -0.000028, -0.000048, -0.000059, -0.000061, -0.000062, -0.000055, -0.000057, -0.000067, -0.000077, -0.000082, -0.000084, -0.000082, -0.000086, -0.000073, -0.000052, -0.000036, -0.000023, -0.000023, -0.000020, -0.000009, 0.000011, 0.000020, 0.000039, 0.000048, 0.000048, 0.000047, 0.000045, 0.000052, 0.000038, 0.000037, 0.000036, 0.000032, 0.000025, 0.000032, 0.000042, 0.000058, 0.000069, 0.000087, 0.000131, 0.000136, 0.000157, 0.000148, 0.000120, 0.000119, 0.000060, 0.000054, 0.000082, 0.000195, 0.000500, 0.001182, 0.002348, 0.004233, 0.006538, 0.009586, 0.012967, 0.033568, 0.049192, -0.012078, -0.043709, -0.024768, -0.033382, 0.031046, 0.066912, 0.084221, 0.090612, 0.015756, -0.043207, -0.106252, -0.093225, -0.079911, -0.073710, -0.054293, -0.022920, 0.040008, 
8, -0.000000, -0.000000, 0.000000, 0.000001, 0.000002, 0.000004, 0.000006, 0.000006, 0.000007, 0.000007, 0.000012, 0.000013, 0.000019, 0.000034, 0.000044, 0.000048, 0.000039, 0.000023, 0.000017, 0.000016, 0.000020, 0.000021, 0.000012, 0.000008, -0.000002, -0.000014, -0.000012, -0.000008, -0.000014, -0.000028, -0.000036, -0.000043, -0.000050, -0.000050, -0.000058, -0.000060, -0.000051, -0.000045, -0.000039, -0.000033, -0.000021, -0.000014, -0.000007, 0.000003, 0.000013, 0.000025, 0.000027, 0.000046, 0.000059, 0.000069, 0.000074, 0.000063, 0.000064, 0.000061, 0.000065, 0.000056, 0.000048, 0.000033, 0.000036, 0.000057, 0.000071, 0.000104, 0.000108, 0.000135, 0.000146, 0.000168, 0.000197, 0.000163, 0.000151, 0.000115, 0.000070, 0.000096, 0.000137, 0.000333, 0.000775, 0.001668, 0.003131, 0.005285, 0.007970, 0.010947, 0.018221, 0.047657, 0.034221, -0.039444, -0.034755, -0.031403, -0.017584, 0.059045, 0.070462, 0.101106, 0.066748, -0.011068, -0.073773, -0.116976, -0.083264, -0.085838, -0.065385, -0.051496, 0.008868, 0.043914, 
10, -0.000000, -0.000000, -0.000000, 0.000000, 0.000002, 0.000004, 0.000007, 0.000006, 0.000005, 0.000009, 0.000016, 0.000023, 0.000024, 0.000032, 0.000028, 0.000020, 0.000021, 0.000021, 0.000027, 0.000026, 0.000020, 0.000022, 0.000020, 0.000004, -0.000004, -0.000021, -0.000030, -0.000024, -0.000026, -0.000029, -0.000034, -0.000030, -0.000042, -0.000051, -0.000061, -0.000061, -0.000055, -0.000053, -0.000038, -0.000026, -0.000014, -0.000006, -0.000001, 0.000004, 0.000028, 0.000031, 0.000038, 0.000051, 0.000049, 0.000078, 0.000087, 0.000094, 0.000092, 0.000082, 0.000074, 0.000062, 0.000062, 0.000058, 0.000063, 0.000066, 0.000079, 0.000106, 0.000131, 0.000160, 0.000158, 0.000173, 0.000187, 0.000146, 0.000148, 0.000099, 0.000058, 0.000101, 0.000182, 0.000471, 0.001113, 0.002231, 0.004076, 0.006439, 0.009615, 0.012488, 0.028977, 0.055922, 0.002837, -0.051251, -0.025377, -0.039268, 0.015590, 0.072360, 0.080569, 0.106154, 0.031619, -0.035206, -0.105187, -0.109467, -0.082857, -0.085600, -0.059948, -0.037421, 0.039054, 0.034340, 
12, -0.000000, -0.000000, -0.000000, -0.000001, -0.000001, -0.000000, 0.000002, 0.000005, 0.000007, 0.000010, 0.000010, 0.000014, 0.000017, 0.000025, 0.000020, 0.000009, 0.000016, 0.000016, 0.000015, 0.000002, -0.000006, -0.000006, -0.000007, -0.000007, -0.000003, -0.000005, -0.000024, -0.000029, -0.000038, -0.000050, -0.000056, -0.000069, -0.000068, -0.000062, -0.000067, -0.000063, -0.000054, -0.000056, -0.000039, -0.000024, -0.000030, -0.000016, -0.000005, 0.000006, 0.000027, 0.000042, 0.000050, 0.000058, 0.000064, 0.000065, 0.000075, 0.000077, 0.000077, 0.000066, 0.000051, 0.000045, 0.000038, 0.000038, 0.000038, 0.000046, 0.000075, 0.000098, 0.000141, 0.000168, 0.000179, 0.000195, 0.000165, 0.000141, 0.000123, 0.000056, 0.000067, 0.000114, 0.000277, 0.000674, 0.001542, 0.002945, 0.005144, 0.007794, 0.011129, 0.015977, 0.044442, 0.048818, -0.032520, -0.045405, -0.027544, -0.032633, 0.052349, 0.074828, 0.099679, 0.089378, -0.001788, -0.065182, -0.125975, -0.094926, -0.090095, -0.076749, -0.057522, -0.005787, 0.051955, 0.026034, 
14, -0.000000, -0.000000, -0.000000, 0.000000, 0.000003, 0.000004, 0.000006, 0.000006, 0.000006, 0.000005, 0.000003, 0.000011, 0.000015, 0.000021, 0.000024, 0.000027, 0.000033, 0.000031, 0.000015, -0.000002, 0.000001, 0.000004, 0.000006, -0.000000, -0.000007, -0.000019, -0.000023, -0.000018, -0.000031, -0.000043, -0.000056, -0.000069, -0.000067, -0.000075, -0.000065, -0.000050, -0.000055, -0.000056, -0.000053, -0.000028, -0.000007, 0.000011, 0.000015, 0.000026, 0.000030, 0.000035, 0.000059, 0.000063, 0.000075, 0.000072, 0.000078, 0.000078, 0.000071, 0.000064, 0.000048, 0.000042, 0.000036, 0.000050, 0.000045, 0.000052, 0.000077, 0.000095, 0.000141, 0.000153, 0.000163, 0.000181, 0.000143, 0.000138, 0.000111, 0.000054, 0.000085, 0.000149, 0.000398, 0.000980, 0.002075, 0.003842, 0.006282, 0.009417, 0.012439, 0.024031, 0.058472, 0.022798, -0.056331, -0.031663, -0.037129, -0.005691, 0.075754, 0.078762, 0.114420, 0.055482, -0.029105, -0.098512, -0.125804, -0.087751, -0.095197, -0.067947, -0.048661, 0.030255, 0.044439, 0.029800, 
16, -0.000000, -0.000000, -0.000000, -0.000001, 0.000000, 0.000002, 0.000005, 0.000006, 0.000006, 0.000010, 0.000008, 0.000012, 0.000009, 0.000018, 0.000021, 0.000027, 0.000030, 0.000029, 0.000018, -0.000004, -0.000012, -0.000027, -0.000026, -0.000030, -0.000026, -0.000030, -0.000041, -0.000050, -0.000059, -0.000051, -0.000064, -0.000069, -0.000070, -0.000064, -0.000061, -0.000065, -0.000062, -0.000058, -0.000038, -0.000027, -0.000012, -0.000005, 0.000001, 0.000027, 0.000034, 0.000034, 0.000041, 0.000053, 0.000066, 0.000081, 0.000086, 0.000070, 0.000062, 0.000041, 0.000028, 0.000036, 0.000026, 0.000037, 0.000053, 0.000069, 0.000086, 0.000119, 0.000155, 0.000148, 0.000163, 0.000148, 0.000113, 0.000121, 0.000066, 0.000062, 0.000101, 0.000225, 0.000582, 0.001390, 0.002734, 0.004920, 0.007562, 0.011156, 0.014597, 0.038779, 0.060525, -0.017758, -0.058326, -0.024261, -0.040624, 0.036063, 0.081565, 0.093664, 0.109112, 0.014721, -0.056953, -0.127013, -0.109802, -0.091768, -0.089575, -0.063604, -0.022755, 0.053575, 0.029822, 0.043186, 
18, -0.000000, -0.000000, 0.000000, 0.000001, 0.000001, 0.000001, 0.000001, 0.000003, 0.000004, 0.000010, 0.000018, 0.000017, 0.000018, 0.000020, 0.000017, 0.000023, 0.000019, 0.000011, 0.000007, 0.000011, 0.000007, -0.000008, -0.000017, -0.000024, -0.000035, -0.000049, -0.000053, -0.000053, -0.000055, -0.000058, -0.000067, -0.000078, -0.000070, -0.000073, -0.000070, -0.000057, -0.000051, -0.000046, -0.000041, -0.000031, -0.000015, -0.000003, 0.000003, 0.000024, 0.000035, 0.000049, 0.000052, 0.000065, 0.000077, 0.000076, 0.000073, 0.000067, 0.000070, 0.000051, 0.000054, 0.000045, 0.000045, 0.000058, 0.000054, 0.000076, 0.000093, 0.000134, 0.000161, 0.000174, 0.000192, 0.000158, 0.000133, 0.000115, 0.000039, 0.000063, 0.000111, 0.000321, 0.000818, 0.001855, 0.003511, 0.006011, 0.009037, 0.012570, 0.019439, 0.054880, 0.045702, -0.051211, -0.047096, -0.029276, -0.025621, 0.068611, 0.081995, 0.112634, 0.084556, -0.017182, -0.088508, -0.137734, -0.096566, -0.098920, -0.080181, -0.058461, 0.012490, 0.054213, 0.026413, 0.052827, 
20, -0.000000, -0.000000, -0.000000, -0.000000, -0.000000, 0.000001, 0.000004, 0.000007, 0.000010, 0.000010, 0.000011, 0.000009, 0.000014, 0.000014, 0.000008, 0.000012, 0.000010, 0.000010, 0.000004, 0.000004, -0.000004, -0.000013, -0.000018, -0.000033, -0.000040, -0.000048, -0.000045, -0.000051, -0.000063, -0.000067, -0.000064, -0.000061, -0.000074, -0.000075, -0.000070, -0.000068, -0.000055, -0.000041, -0.000033, -0.000024, -0.000009, -0.000004, 0.000010, 0.000022, 0.000035, 0.000052, 0.000058, 0.000073, 0.000074, 0.000083, 0.000075, 0.000062, 0.000063, 0.000053, 0.000051, 0.000030, 0.000040, 0.000053, 0.000064, 0.000085, 0.000105, 0.000160, 0.000160, 0.000180, 0.000182, 0.000131, 0.000141, 0.000086, 0.000047, 0.000094, 0.000170, 0.000477, 0.001189, 0.002455, 0.004520, 0.007213, 0.010790, 0.013867, 0.030173, 0.067360, 0.010720, -0.070500, -0.031577, -0.037845, 0.010004, 0.086080, 0.088466, 0.122758, 0.043948, -0.047105, -0.122043, -0.128366, -0.092573, -0.099815, -0.071893, -0.041848, 0.046340, 0.040192, 0.035149, 0.054868, 
22, -0.000000, -0.000000, -0.000000, -0.000000, 0.000000, 0.000002, 0.000005, 0.000006, 0.000009, 0.000009, 0.000009, 0.000011, 0.000012, 0.000016, 0.000025, 0.000021, 0.000006, 0.000013, 0.000003, 0.000002, -0.000002, -0.000020, -0.000025, -0.000026, -0.000026, -0.000034, -0.000035, -0.000053, -0.000063, -0.000061, -0.000059, -0.000055, -0.000049, -0.000049, -0.000044, -0.000047, -0.000047, -0.000032, -0.000029, -0.000014, -0.000005, -0.000006, -0.000003, 0.000018, 0.000038, 0.000050, 0.000058, 0.000067, 0.000072, 0.000064, 0.000060, 0.000059, 0.000053, 0.000043, 0.000041, 0.000038, 0.000049, 0.000058, 0.000081, 0.000104, 0.000140, 0.000186, 0.000193, 0.000225, 0.000196, 0.000153, 0.000157, 0.000072, 0.000068, 0.000106, 0.000263, 0.000686, 0.001635, 0.003156, 0.005625, 0.008533, 0.012468, 0.016366, 0.046117, 0.065525, -0.031158, -0.068430, -0.025941, -0.036082, 0.050981, 0.088171, 0.105141, 0.112042, 0.003208, -0.076769, -0.143987, -0.111465, -0.098441, -0.092692, -0.066877, -0.009861, 0.060545, 0.027819, 0.048315, 0.052910, 
24, -0.000000, -0.000000, -0.000000, 0.000000, 0.000001, 0.000002, 0.000004, 0.000006, 0.000010, 0.000009, 0.000014, 0.000021, 0.000032, 0.000036, 0.000039, 0.000030, 0.000022, 0.000020, 0.000003, 0.000001, 0.000000, -0.000001, -0.000011, -0.000019, -0.000030, -0.000025, -0.000038, -0.000056, -0.000078, -0.000091, -0.000080, -0.000088, -0.000072, -0.000054, -0.000038, -0.000032, -0.000015, -0.000020, -0.000021, -0.000014, -0.000020, 0.000007, 0.000014, 0.000034, 0.000047, 0.000062, 0.000073, 0.000071, 0.000078, 0.000070, 0.000074, 0.000064, 0.000050, 0.000054, 0.000043, 0.000032, 0.000037, 0.000053, 0.000077, 0.000093, 0.000138, 0.000151, 0.000158, 0.000180, 0.000134, 0.000127, 0.000103, 0.000026, 0.000064, 0.000123, 0.000384, 0.000976, 0.002174, 0.004061, 0.006820, 0.010161, 0.013833, 0.022710, 0.063922, 0.042758, -0.066963, -0.051374, -0.031239, -0.013572, 0.082590, 0.086337, 0.124716, 0.078764, -0.032822, -0.109706, -0.146891, -0.097887, -0.105283, -0.082196, -0.055033, 0.030338, 0.050699, 0.027293, 0.056459, 0.052348, 
26, 0.000000, 0.000000, 0.000001, 0.000001, 0.000002, 0.000004, 0.000002, 0.000005, 0.000008, 0.000010, 0.000011, 0.000011, 0.000016, 0.000018, 0.000012, 0.000005, -0.000007, -0.000015, -0.000014, -0.000036, -0.000035, -0.000034, -0.000033, -0.000030, -0.000041, -0.000052, -0.000060, -0.000072, -0.000095, -0.000092, -0.000097, -0.000076, -0.000067, -0.000059, -0.000047, -0.000054, -0.000030, -0.000033, -0.000019, -0.000009, 0.000000, 0.000023, 0.000026, 0.000040, 0.000044, 0.000054, 0.000068, 0.000080, 0.000074, 0.000053, 0.000051, 0.000049, 0.000040, 0.000045, 0.000034, 0.000041, 0.000050, 0.000068, 0.000095, 0.000111, 0.000155, 0.000151, 0.000168, 0.000172, 0.000133, 0.000145, 0.000079, 0.000036, 0.000076, 0.000179, 0.000531, 0.001332, 0.002752, 0.005075, 0.007990, 0.011904, 0.015076, 0.034644, 0.075065, 0.003881, -0.083674, -0.034848, -0.037468, 0.024775, 0.095361, 0.093311, 0.133013, 0.035156, -0.064604, -0.139184, -0.134273, -0.096016, -0.105026, -0.073147, -0.029745, 0.057837, 0.031411, 0.038690, 0.056056, 0.055585, 
28, -0.000000, 0.000000, 0.000000, 0.000000, 0.000001, 0.000002, 0.000004, 0.000004, 0.000007, 0.000012, 0.000020, 0.000020, 0.000018, 0.000020, 0.000018, 0.000016, 0.000016, 0.000002, -0.000005, -0.000015, -0.000030, -0.000030, -0.000032, -0.000031, -0.000033, -0.000047, -0.000063, -0.000075, -0.000078, -0.000080, -0.000092, -0.000080, -0.000070, -0.000065, -0.000058, -0.000054, -0.000034, -0.000028, -0.000008, -0.000005, 0.000006, 0.000036, 0.000036, 0.000051, 0.000059, 0.000068, 0.000077, 0.000076, 0.000077, 0.000077, 0.000073, 0.000048, 0.000039, 0.000037, 0.000027, 0.000049, 0.000061, 0.000079, 0.000113, 0.000146, 0.000174, 0.000185, 0.000203, 0.000175, 0.000138, 0.000140, 0.000059, 0.000055, 0.000094, 0.000275, 0.000754, 0.001801, 0.003492, 0.006216, 0.009345, 0.013608, 0.017756, 0.051232, 0.071927, -0.039650, -0.081138, -0.027986, -0.032878, 0.065167, 0.096003, 0.110621, 0.121893, -0.008985, -0.095789, -0.157042, -0.117843, -0.101344, -0.098127, -0.062830, 0.005304, 0.064664, 0.020434, 0.051864, 0.053143, 0.054798, 
30, -0.000000, 0.000000, 0.000000, 0.000000, -0.000000, -0.000000, -0.000001, 0.000001, 0.000006, 0.000009, 0.000013, 0.000019, 0.000017, 0.000007, -0.000003, -0.000009, -0.000006, -0.000002, 0.000004, -0.000007, -0.000019, -0.000030, -0.000035, -0.000040, -0.000043, -0.000050, -0.000070, -0.000066, -0.000079, -0.000086, -0.000083, -0.000084, -0.000080, -0.000079, -0.000068, -0.000055, -0.000031, -0.000021, -0.000017, -0.000010, 0.000006, 0.000026, 0.000026, 0.000041, 0.000048, 0.000057, 0.000067, 0.000066, 0.000071, 0.000067, 0.000051, 0.000028, 0.000026, 0.000018, 0.000023, 0.000040, 0.000045, 0.000079, 0.000090, 0.000143, 0.000167, 0.000167, 0.000196, 0.000151, 0.000144, 0.000133, 0.000047, 0.000078, 0.000142, 0.000418, 0.001051, 0.002337, 0.004394, 0.007396, 0.010942, 0.014877, 0.023914, 0.069493, 0.049110, -0.077625, -0.063267, -0.030176, -0.010859, 0.095902, 0.092133, 0.131119, 0.089476, -0.049253, -0.125411, -0.158224, -0.104523, -0.108386, -0.087689, -0.046037, 0.040153, 0.052990, 0.022967, 0.059507, 0.052177, 0.043680, 
32, 0.000000, 0.000000, 0.000000, 0.000001, 0.000004, 0.000006, 0.000006, 0.000009, 0.000013, 0.000018, 0.000019, 0.000021, 0.000023, 0.000021, 0.000023, 0.000018, 0.000016, 0.000008, 0.000005, -0.000003, -0.000021, -0.000019, -0.000029, -0.000029, -0.000029, -0.000048, -0.000050, -0.000058, -0.000068, -0.000071, -0.000076, -0.000071, -0.000061, -0.000051, -0.000036, -0.000018, -0.000006, 0.000005, 0.000015, 0.000021, 0.000041, 0.000045, 0.000053, 0.000067, 0.000072, 0.000097, 0.000101, 0.000098, 0.000091, 0.000087, 0.000069, 0.000053, 0.000058, 0.000042, 0.000065, 0.000067, 0.000082, 0.000121, 0.000138, 0.000188, 0.000186, 0.000188, 0.000200, 0.000148, 0.000159, 0.000120, 0.000057, 0.000117, 0.000222, 0.000593, 0.001459, 0.002970, 0.005436, 0.008589, 0.012717, 0.016025, 0.035309, 0.082181, 0.010178, -0.099002, -0.043621, -0.034160, 0.025215, 0.110135, 0.096473, 0.142976, 0.043970, -0.085239, -0.150634, -0.146331, -0.101465, -0.110512, -0.074067, -0.018256, 0.062201, 0.036383, 0.035884, 0.058869, 0.053301, 0.019785, 
34, -0.000000, 0.000000, 0.000000, 0.000001, 0.000002, 0.000004, 0.000005, 0.000010, 0.000009, 0.000011, 0.000017, 0.000018, 0.000019, 0.000015, 0.000012, 0.000012, 0.000001, -0.000019, -0.000019, -0.000020, -0.000017, -0.000024, -0.000035, -0.000037, -0.000046, -0.000057, -0.000077, -0.000086, -0.000092, -0.000092, -0.000094, -0.000093, -0.000076, -0.000069, -0.000050, -0.000020, -0.000024, -0.000016, -0.000002, 0.000003, 0.000028, 0.000040, 0.000054, 0.000065, 0.000067, 0.000071, 0.000076, 0.000072, 0.000069, 0.000080, 0.000051, 0.000030, 0.000028, 0.000032, 0.000050, 0.000062, 0.000085, 0.000092, 0.000133, 0.000183, 0.000188, 0.000216, 0.000193, 0.000128, 0.000144, 0.000059, 0.000049, 0.000114, 0.000287, 0.000809, 0.001913, 0.003693, 0.006585, 0.009883, 0.014383, 0.018243, 0.052381, 0.081362, -0.038282, -0.099175, -0.029651, -0.030738, 0.066499, 0.109850, 0.112100, 0.136305, -0.008272, -0.116461, -0.165502, -0.129172, -0.106369, -0.105238, -0.056125, 0.015504, 0.065294, 0.025118, 0.049302, 0.054969, 0.052609, -0.009728, 
36, -0.000000, -0.000000, 0.000000, 0.000001, 0.000002, 0.000006, 0.000008, 0.000011, 0.000015, 0.000017, 0.000023, 0.000028, 0.000022, 0.000019, 0.000015, 0.000008, 0.000000, -0.000016, -0.000024, -0.000027, -0.000026, -0.000020, -0.000030, -0.000045, -0.000051, -0.000061, -0.000075, -0.000078, -0.000078, -0.000078, -0.000072, -0.000072, -0.000069, -0.000061, -0.000055, -0.000027, -0.000008, 0.000007, 0.000021, 0.000031, 0.000050, 0.000051, 0.000061, 0.000070, 0.000078, 0.000085, 0.000084, 0.000086, 0.000078, 0.000069, 0.000053, 0.000053, 0.000046, 0.000046, 0.000066, 0.000067, 0.000090, 0.000109, 0.000149, 0.000184, 0.000184, 0.000201, 0.000162, 0.000126, 0.000120, 0.000038, 0.000068, 0.000133, 0.000412, 0.001067, 0.002415, 0.004592, 0.007719, 0.011318, 0.015827, 0.023506, 0.071488, 0.062003, -0.082950, -0.082053, -0.024686, -0.013240, 0.100005, 0.104103, 0.134301, 0.107608, -0.057827, -0.142191, -0.167662, -0.115364, -0.114840, -0.092853, -0.032650, 0.045296, 0.054992, 0.027207, 0.058577, 0.051228, 0.041134, -0.036556, 
38, 0.000000, 0.000000, 0.000001, 0.000003, 0.000005, 0.000006, 0.000011, 0.000019, 0.000021, 0.000027, 0.000030, 0.000033, 0.000043, 0.000044, 0.000035, 0.000026, 0.000022, 0.000023, 0.000018, 0.000013, 0.000014, 0.000000, -0.000011, -0.000012, -0.000029, -0.000044, -0.000043, -0.000043, -0.000045, -0.000050, -0.000056, -0.000051, -0.000033, -0.000008, 0.000012, 0.000012, 0.000013, 0.000023, 0.000031, 0.000051, 0.000065, 0.000066, 0.000092, 0.000103, 0.000106, 0.000121, 0.000118, 0.000118, 0.000114, 0.000100, 0.000076, 0.000064, 0.000063, 0.000070, 0.000079, 0.000089, 0.000126, 0.000159, 0.000203, 0.000213, 0.000226, 0.000254, 0.000193, 0.000169, 0.000129, 0.000051, 0.000100, 0.000213, 0.000578, 0.001438, 0.003028, 0.005532, 0.008862, 0.013070, 0.016719, 0.032736, 0.086403, 0.028836, -0.110873, -0.061411, -0.025596, 0.015600, 0.117021, 0.104496, 0.152580, 0.066265, -0.096686, -0.163114, -0.161673, -0.110139, -0.120680, -0.074893, -0.005601, 0.063381, 0.041910, 0.035557, 0.060780, 0.049821, 0.021512, -0.051614, 
40, -0.000000, -0.000000, 0.000000, -0.000000, -0.000001, 0.000000, 0.000003, 0.000003, 0.000004, 0.000004, 0.000008, -0.000001, -0.000006, -0.000007, -0.000011, -0.000010, -0.000019, -0.000033, -0.000040, -0.000044, -0.000054, -0.000062, -0.000070, -0.000073, -0.000089, -0.000096, -0.000098, -0.000103, -0.000096, -0.000098, -0.000082, -0.000069, -0.000067, -0.000071, -0.000058, -0.000055, -0.000044, -0.000024, -0.000010, 0.000036, 0.000032, 0.000041, 0.000064, 0.000070, 0.000089, 0.000076, 0.000063, 0.000057, 0.000049, 0.000037, 0.000026, 0.000025, 0.000030, 0.000046, 0.000053, 0.000071, 0.000093, 0.000118, 0.000165, 0.000159, 0.000182, 0.000189, 0.000119, 0.000147, 0.000070, 0.000025, 0.000093, 0.000243, 0.000729, 0.001827, 0.003653, 0.006592, 0.010052, 0.014731, 0.018191, 0.047710, 0.092397, -0.019065, -0.122138, -0.039036, -0.024290, 0.053417, 0.120922, 0.114017, 0.157931, 0.010109, -0.130694, -0.177107, -0.147155, -0.112178, -0.119541, -0.049553, 0.022899, 0.069504, 0.030529, 0.046979, 0.058811, 0.046463, -0.005262, -0.054846, 
42, -0.000000, -0.000000, -0.000000, -0.000001, 0.000000, -0.000000, 0.000001, 0.000003, 0.000004, 0.000009, 0.000005, 0.000003, -0.000003, -0.000010, -0.000012, -0.000015, -0.000038, -0.000046, -0.000050, -0.000054, -0.000035, -0.000055, -0.000073, -0.000087, -0.000112, -0.000121, -0.000125, -0.000134, -0.000144, -0.000137, -0.000121, -0.000101, -0.000092, -0.000092, -0.000077, -0.000062, -0.000043, -0.000029, -0.000022, 0.000003, 0.000013, 0.000027, 0.000044, 0.000045, 0.000055, 0.000058, 0.000056, 0.000045, 0.000042, 0.000028, 0.000025, 0.000022, 0.000004, 0.000036, 0.000049, 0.000068, 0.000106, 0.000146, 0.000188, 0.000177, 0.000190, 0.000162, 0.000101, 0.000125, 0.000033, 0.000043, 0.000130, 0.000373, 0.000998, 0.002308, 0.004407, 0.007662, 0.011340, 0.016120, 0.021218, 0.065201, 0.084680, -0.066713, -0.115140, -0.023788, -0.016557, 0.087811, 0.116126, 0.131975, 0.145532, -0.044917, -0.154363, -0.182566, -0.133491, -0.119699, -0.109406, -0.022529, 0.045414, 0.065679, 0.026623, 0.056083, 0.054400, 0.038667, -0.029799, -0.048201, 
44, -0.000000, 0.000000, -0.000000, -0.000001, -0.000000, 0.000001, 0.000002, 0.000006, 0.000008, 0.000008, 0.000008, 0.000012, 0.000014, -0.000004, -0.000006, -0.000012, -0.000033, -0.000038, -0.000040, -0.000041, -0.000043, -0.000065, -0.000076, -0.000067, -0.000075, -0.000079, -0.000089, -0.000112, -0.000114, -0.000110, -0.000102, -0.000083, -0.000069, -0.000045, -0.000020, -0.000016, -0.000002, 0.000009, 0.000010, 0.000030, 0.000035, 0.000050, 0.000074, 0.000086, 0.000088, 0.000080, 0.000073, 0.000059, 0.000059, 0.000033, 0.000041, 0.000041, 0.000024, 0.000043, 0.000047, 0.000092, 0.000114, 0.000164, 0.000183, 0.000181, 0.000216, 0.000156, 0.000128, 0.000106, 0.000003, 0.000057, 0.000166, 0.000488, 0.001305, 0.002865, 0.005313, 0.008794, 0.012906, 0.017207, 0.028212, 0.084526, 0.056840, -0.111229, -0.090385, -0.015999, 0.003841, 0.115637, 0.108368, 0.155738, 0.107239, -0.097975, -0.170391, -0.178381, -0.122923, -0.129918, -0.086886, 0.004869, 0.062523, 0.055508, 0.031170, 0.062102, 0.048223, 0.023639, -0.049807, -0.035201, }